1 0.100045
2 0.104015
3 0.105257
4 0.101865
5 0.101076
6 0.097375
7 0.088387
8 0.102986
9 0.096549
10 0.125761
11 0.097648
12 0.099982
13 0.100354
14 0.124764
15 0.098433
16 0.094442
17 0.09944
18 0.103206
19 0.095087
20 0.085244
21 0.095833
22 0.108432
23 0.094024
24 0.084105
25 0.086505
26 0.097209
27 0.098146
28 0.09861
29 0.095223
30 0.102009
31 0.096885
32 0.105274
33 0.088285
34 0.098853
35 0.099637
36 0.08909
37 0.10154
38 0.095224
39 0.092614
40 0.095463
41 0.085625
42 0.100278
43 0.100727
44 0.105189
45 0.129949
46 0.100758
47 0.092535
48 0.098372
49 0.101357
50 0.098194
51 0.103091
52 0.101811
53 0.095002
54 0.084823
55 0.093109
56 0.099346
57 0.099327
58 0.095406
59 0.110223
60 0.095687
61 0.097689
62 0.094321
63 0.106076
64 0.089433
65 0.108456
66 0.107507
67 0.093914
68 0.095389
69 0.095257
70 0.101831
71 0.091391
72 0.094081
73 0.103698
74 0.094309
75 0.099721
76 0.104
77 0.098575
78 0.106994
79 0.085105
80 0.093324
81 0.101617
82 0.091018
83 0.085476
84 0.105324
85 0.095214
86 0.086119
87 0.097161
88 0.106418
89 0.102867
90 0.10739
91 0.133595
92 0.102316
93 0.106984
94 0.099411
95 0.101743
96 0.099848
97 0.09219
98 0.093493
99 0.083084
100 0.087156
101 0.096554
102 0.102982
103 0.10078
104 0.101668
105 0.102684
106 0.107094
107 0.101414
108 0.102968
109 0.082551
110 0.093277
111 0.104933
112 0.141346
113 0.093974
114 0.098815
115 0.102604
116 0.087598
117 0.088762
118 0.09374
119 0.094924
120 0.083665
121 0.087938
122 0.097029
123 0.095017
124 0.092606
125 0.098371
126 0.09994
127 0.10569
128 0.101198
129 0.08673
130 0.085351
131 0.101992
132 0.102202
133 0.092843
134 0.0961
135 0.09622
136 0.103254
137 0.111086
138 0.141093
139 0.089213
140 0.096085
141 0.088445
142 0.092374
143 0.094367
144 0.102912
145 0.096758
146 0.093533
147 0.084127
148 0.100481
149 0.104378
150 0.100743
151 0.083847
152 0.084739
153 0.099292
154 0.099843
155 0.08794
156 0.102407
157 0.101581
158 0.098505
159 0.086444
160 0.086696
161 0.086522
162 0.104053
163 0.097193
164 0.085209
165 0.093159
166 0.098746
167 0.097777
168 0.094158
169 0.085534
170 0.105239
171 0.096563
172 0.093711
173 0.086254
174 0.098398
175 0.099124
176 0.099322
177 0.090413
178 0.094027
179 0.103307
180 0.098953
181 0.097328
182 0.141786
183 0.143169
184 0.090327
185 0.100353
186 0.085766
187 0.084618
188 0.100738
189 0.098329
190 0.092131
191 0.097965
192 0.094678
193 0.100368
194 0.102304
195 0.086489
196 0.083803
197 0.105242
198 0.0986
199 0.099126
200 0.099999
201 0.098453
202 0.096324
203 0.093317
204 0.088761
205 0.086472
206 0.086806
207 0.111873
208 0.090705
209 0.091477
210 0.084245
211 0.083641
212 0.092423
213 0.095018
214 0.089481
215 0.084024
216 0.086279
217 0.096237
218 0.104529
219 0.087623
220 0.098759
221 0.101692
222 0.096056
223 0.102211
224 0.083933
225 0.086049
226 0.088484
227 0.103777
228 0.101872
229 0.099525
230 0.096008
231 0.101622
232 0.093592
233 0.09139
234 0.091152
235 0.084863
236 0.086059
237 0.088537
238 0.093638
239 0.090369
240 0.086234
241 0.086419
242 0.137085
243 0.099188
244 0.095222
245 0.105456
246 0.097709
247 0.094007
248 0.084476
249 0.08631
250 0.096614
251 0.084405
252 0.085981
253 0.086233
254 0.085031
255 0.103092
256 0.102686
257 0.093346
258 0.101893
259 0.108378
260 0.087307
261 0.099292
262 0.137409
263 0.116971
264 0.141951
265 0.146303
266 0.091652
267 0.094925
268 0.097067
269 0.097156
270 0.098998
271 0.093448
272 0.086925
273 0.097359
274 0.13089
275 0.087059
276 0.087632
277 0.084065
278 0.08486
279 0.084163
280 0.112524
281 0.136475
282 0.100727
283 0.096526
284 0.098173
285 0.093048
286 0.084114
287 0.083964
288 0.093371
289 0.09132
290 0.088163
291 0.100665
292 0.101764
293 0.100374
294 0.085385
295 0.083007
296 0.086218
297 0.111555
298 0.141807
299 0.141213
300 0.14552
301 0.127665
302 0.08821
303 0.101371
304 0.135882
305 0.141643
306 0.1464
307 0.143217
308 0.101607
309 0.107782
310 0.100901
311 0.098621
312 0.097447
313 0.112836
314 0.087332
315 0.084383
316 0.09323
317 0.091762
318 0.084965
319 0.091939
320 0.105666
321 0.097442
322 0.099839
323 0.096777
324 0.083253
325 0.083399
326 0.085622
327 0.13283
328 0.139457
329 0.145185
330 0.086883
331 0.093592
332 0.100799
333 0.090831
334 0.097333
335 0.099225
336 0.104866
337 0.085811
338 0.084517
339 0.094053
340 0.13788
341 0.085473
342 0.101602
343 0.101896
344 0.091997
345 0.134012
346 0.102288
347 0.09936
348 0.098713
349 0.091737
350 0.083969
351 0.084092
352 0.091395
353 0.087039
354 0.09364
355 0.100328
356 0.099177
357 0.103001
358 0.107793
359 0.091935
360 0.08733
361 0.084793
362 0.097774
363 0.136588
364 0.141726
365 0.145327
366 0.14186
367 0.099579
368 0.137941
369 0.099065
370 0.096608
371 0.101521
372 0.10798
373 0.087261
374 0.091797
375 0.092315
376 0.102637
377 0.093932
378 0.092699
379 0.084267
380 0.090595
381 0.096617
382 0.097845
383 0.101742
384 0.0958
385 0.094467
386 0.086369
387 0.085513
388 0.128691
389 0.088036
390 0.094984
391 0.096857
392 0.085363
393 0.084295
394 0.092849
395 0.096328
396 0.096359
397 0.103641
398 0.102809
399 0.094751
400 0.083887
401 0.085915
402 0.08409
403 0.096458
404 0.09258
405 0.095598
406 0.090207
407 0.101751
408 0.086784
409 0.109471
410 0.100243
411 0.098786
412 0.087363
413 0.087325
414 0.087447
415 0.084612
416 0.097223
417 0.105217
418 0.094566
419 0.098522
420 0.103328
421 0.097459
422 0.090776
423 0.097145
424 0.101776
425 0.094455
426 0.092847
427 0.099357
428 0.0982
429 0.097737
430 0.09913
431 0.103035
432 0.100136
433 0.108608
434 0.10318
435 0.09716
436 0.101001
437 0.098006
438 0.098724
439 0.098703
440 0.103973
441 0.095171
442 0.103195
443 0.095146
444 0.098181
445 0.097124
446 0.103007
447 0.102754
448 0.104442
449 0.103077
450 0.100072
451 0.102234
452 0.099865
453 0.092646
454 0.088328
455 0.099644
456 0.095908
457 0.097262
458 0.098978
459 0.098959
460 0.101261
461 0.095305
462 0.101198
463 0.098554
464 0.099444
465 0.099534
466 0.103166
467 0.10331
468 0.100596
469 0.0953
470 0.095698
471 0.10733
472 0.101884
473 0.094377
474 0.097515
475 0.098261
476 0.096632
477 0.098449
478 0.092127
479 0.095288
480 0.103228
481 0.104515
482 0.097855
483 0.100011
484 0.10538
485 0.102847
486 0.097538
487 0.096891
488 0.096632
489 0.102763
490 0.103337
491 0.096876
492 0.098114
493 0.098887
494 0.099147
495 0.10128
496 0.097202
497 0.09903
498 0.097309
499 0.100257
500 0.101107
501 0.099946
502 0.099336
503 0.099396
504 0.102592
505 0.103188
506 0.095142
507 0.10045
508 0.099819
509 0.102146
510 0.102032
511 0.102616
512 0.099431
513 0.093647
514 0.098376
515 0.092306
516 0.103227
517 0.101954
518 0.103108
519 0.0943
520 0.100455
521 0.099519
522 0.097036
523 0.091635
524 0.097571
525 0.099012
526 0.101301
527 0.099973
528 0.103331
529 0.097224
530 0.101051
531 0.099905
532 0.0992
533 0.105239
534 0.093448
535 0.101803
536 0.10121
537 0.101873
538 0.091688
539 0.098446
540 0.096501
541 0.100689
542 0.100303
543 0.107425
544 0.09838
545 0.097272
546 0.097556
547 0.10027
548 0.09777
549 0.098763
550 0.104717
551 0.098511
552 0.09807
553 0.103744
554 0.095214
555 0.104299
556 0.098066
557 0.100575
558 0.094095
559 0.103155
560 0.097572
561 0.097834
562 0.099614
563 0.096688
564 0.100971
565 0.097314
566 0.102944
567 0.0945
568 0.108244
569 0.100819
570 0.100541
571 0.100617
572 0.104307
573 0.096513
574 0.099461
575 0.094648
576 0.091898
577 0.09635
578 0.104168
579 0.096109
580 0.103336
581 0.097167
582 0.103539
583 0.105886
584 0.103584
585 0.103039
586 0.095445
587 0.104532
588 0.092583
589 0.09683
590 0.093824
591 0.096231
592 0.094892
593 0.095006
594 0.10004
595 0.094235
596 0.095313
597 0.094158
598 0.09985
599 0.101439
600 0.100959
601 0.103094
602 0.094349
603 0.100513
604 0.09969
605 0.096892
606 0.094169
607 0.095642
608 0.100328
609 0.101568
610 0.092272
611 0.098836
612 0.099656
613 0.102446
614 0.104744
615 0.096602
616 0.105425
617 0.097251
618 0.093145
619 0.091515
620 0.095948
621 0.102038
622 0.104723
623 0.093574
624 0.099115
625 0.101883
626 0.098481
627 0.100883
628 0.098372
629 0.096995
630 0.094071
631 0.098032
632 0.094081
633 0.098583
634 0.101175
635 0.096256
636 0.098634
637 0.102113
638 0.100098
639 0.097158
640 0.094899
641 0.100445
642 0.097132
643 0.097829
644 0.097377
645 0.10344
646 0.098943
647 0.093803
648 0.097775
649 0.097359
650 0.094149
651 0.095877
652 0.098617
653 0.13297
654 0.101253
655 0.094994
656 0.099839
657 0.100775
658 0.097085
659 0.09199
660 0.097417
661 0.103307
662 0.097844
663 0.10512
664 0.095483
665 0.101737
666 0.102471
667 0.095035
668 0.095089
669 0.091942
670 0.098896
671 0.089546
672 0.09575
673 0.099179
674 0.094232
675 0.09394
676 0.100053
677 0.093924
678 0.100808
679 0.096783
680 0.095845
681 0.096401
682 0.104899
683 0.092472
684 0.097752
685 0.096971
686 0.098568
687 0.098245
688 0.102993
689 0.098101
690 0.102175
691 0.093869
692 0.096626
693 0.098745
694 0.091311
695 0.098838
696 0.097425
697 0.094617
698 0.10005
699 0.095431
700 0.095405
701 0.097445
702 0.099635
703 0.098981
704 0.095014
705 0.091568
706 0.098762
707 0.104159
708 0.099869
709 0.098448
710 0.098578
711 0.101085
712 0.098064
713 0.102295
714 0.10069
715 0.099305
716 0.095192
717 0.095658
718 0.096157
719 0.101466
720 0.095462
721 0.094302
722 0.10366
723 0.093869
724 0.09258
725 0.100875
726 0.090752
727 0.099705
728 0.100537
729 0.10099
730 0.099001
731 0.100208
732 0.098116
733 0.102307
734 0.094872
735 0.096644
736 0.100228
737 0.096098
738 0.094522
739 0.100941
740 0.099688
741 0.099149
742 0.093087
743 0.095816
744 0.102204
745 0.096908
746 0.092158
747 0.095001
748 0.098626
749 0.097536
750 0.095023
751 0.098049
752 0.098146
753 0.093819
754 0.098606
755 0.096645
756 0.091987
757 0.093989
758 0.089372
759 0.097372
760 0.095962
761 0.090562
762 0.09256
763 0.099174
764 0.102735
765 0.093661
766 0.100004
767 0.09259
768 0.092624
769 0.093823
770 0.09558
771 0.090907
772 0.096248
773 0.091078
774 0.10324
775 0.096209
776 0.09934
777 0.099016
778 0.101619
779 0.098797
780 0.094646
781 0.099426
782 0.104071
783 0.101713
784 0.100948
785 0.099383
786 0.096785
787 0.096847
788 0.09642
789 0.101831
790 0.096108
791 0.096691
792 0.100404
793 0.099753
794 0.101633
795 0.091393
796 0.094747
797 0.09823
798 0.092855
799 0.098756
800 0.096076
801 0.100696
802 0.094882
803 0.103015
804 0.094558
805 0.100189
806 0.102996
807 0.096347
808 0.098338
809 0.101025
810 0.099599
811 0.103238
812 0.09974
813 0.095582
814 0.095938
815 0.104028
816 0.096652
817 0.094256
818 0.09641
819 0.095472
820 0.101812
821 0.0958
822 0.094326
823 0.093798
824 0.09694
825 0.097772
826 0.098649
827 0.096761
828 0.09478
829 0.091634
830 0.106149
831 0.099156
832 0.098345
833 0.094047
834 0.099748
835 0.102445
836 0.096171
837 0.10793
838 0.095078
839 0.095128
840 0.091966
841 0.096104
842 0.093035
843 0.102621
844 0.097424
845 0.098056
846 0.101296
847 0.099709
848 0.098156
849 0.097172
850 0.097975
851 0.100361
852 0.097937
853 0.099045
854 0.094697
855 0.103219
856 0.101251
857 0.093513
858 0.097812
859 0.101199
860 0.095118
861 0.097625
862 0.10127
863 0.096346
864 0.09785
865 0.10151
866 0.095244
867 0.097801
868 0.104745
869 0.094206
870 0.098316
871 0.100125
872 0.094716
873 0.092634
874 0.09411
875 0.100572
876 0.101723
877 0.102045
878 0.100363
879 0.091126
880 0.093166
881 0.103073
882 0.101908
883 0.101264
884 0.093695
885 0.100817
886 0.093919
887 0.097522
888 0.107232
889 0.100067
890 0.094454
891 0.098188
892 0.098476
893 0.096561
894 0.098586
895 0.100796
896 0.098118
897 0.096189
898 0.097776
899 0.093928
900 0.096111
901 0.097983
902 0.096824
903 0.096348
904 0.097418
905 0.098069
906 0.102755
907 0.098193
908 0.097902
909 0.0978
910 0.096448
911 0.095444
912 0.098869
913 0.097033
914 0.095791
915 0.098502
916 0.097616
917 0.09837
918 0.092686
919 0.097453
920 0.097429
921 0.097384
922 0.096469
923 0.097841
924 0.094745
925 0.10054
926 0.092178
927 0.099751
928 0.093229
929 0.0925
930 0.095663
931 0.096721
932 0.099765
933 0.096606
934 0.09901
935 0.096356
936 0.097938
937 0.101465
938 0.09909
939 0.096305
940 0.100288
941 0.103903
942 0.091941
943 0.096346
944 0.102275
945 0.100207
946 0.103582
947 0.094726
948 0.09796
949 0.100125
950 0.092872
951 0.099222
952 0.094794
953 0.097919
954 0.100913
955 0.096747
956 0.100712
957 0.098591
958 0.100035
959 0.092639
960 0.092278
961 0.100086
962 0.095774
963 0.09188
964 0.094358
965 0.098904
966 0.103727
967 0.094404
968 0.09542
969 0.103568
1001 0.101446
1002 0.100805
1003 0.101214
1004 0.105978
1005 0.101164
1006 0.100404
1007 0.099976
1008 0.102027
1009 0.105711
1010 0.103847
1011 0.10135
1012 0.105732
1013 0.099252
1014 0.094652
1015 0.10149
1016 0.102872
1017 0.096169
1018 0.11
1019 0.100901
1020 0.098291
1021 0.094826
1022 0.101289
1023 0.096361
1024 0.095706
1025 0.102704
1026 0.103871
1027 0.100584
1028 0.101495
1029 0.102492
1030 0.093265
1031 0.098763
1032 0.09494
1033 0.093874
1034 0.099008
1035 0.098221
1036 0.101939
1037 0.098616
1038 0.097367
1039 0.104887
1040 0.098447
1041 0.105642
1042 0.098694
1043 0.096009
1044 0.100375
1045 0.108066
1046 0.088752
1047 0.101974
1048 0.103367
1049 0.100564
1050 0.095031
1051 0.093005
1052 0.092957
1053 0.096958
1054 0.100047
1055 0.098811
1056 0.104348
1057 0.104861
1058 0.094019
1059 0.094854
1060 0.091298
1061 0.097718
1062 0.091367
1063 0.099244
1064 0.098213
1065 0.097672
1066 0.097686
1067 0.130634
1068 0.094982
1069 0.094142
1070 0.10177
1071 0.140097
1072 0.110706
1073 0.110601
1074 0.098564
1075 0.102432
1076 0.094788
1077 0.100563
1078 0.094268
1079 0.098713
1080 0.10317
1081 0.100769
1082 0.100169
1083 0.102142
1084 0.09794
1085 0.098387
1086 0.098008
1087 0.098486
1088 0.098634
1089 0.111782
1090 0.093326
1091 0.096825
1092 0.098592
1093 0.100202
1094 0.107402
1095 0.102261
1096 0.100395
1097 0.095037
1098 0.101827
1099 0.102725
1100 0.100438
1101 0.115351
1102 0.091542
1103 0.092389
1104 0.102283
1105 0.105394
1106 0.098359
1107 0.091819
1108 0.098178
1109 0.099799
1110 0.102097
1111 0.103743
1112 0.098863
1113 0.103113
1114 0.093495
1115 0.105322
1116 0.09438
1117 0.103464
1118 0.099065
1119 0.103199
1120 0.104465
1121 0.101586
1122 0.099054
1123 0.100872
1124 0.099521
1125 0.105734
1126 0.094187
1127 0.096099
1128 0.097812
1129 0.127179
1130 0.09433
1131 0.100817
1132 0.098868
1133 0.096896
1134 0.100249
1135 0.101131
1136 0.103199
1137 0.102331
1138 0.094108
1139 0.100525
1140 0.094285
1141 0.099543
1142 0.102201
1143 0.100068
1144 0.097325
1145 0.093526
1146 0.100453
1147 0.103186
1148 0.09265
1149 0.094807
1150 0.095046
1151 0.097155
1152 0.094208
1153 0.103067
1154 0.138766
1155 0.098161
1156 0.105125
1157 0.103616
1158 0.096865
1159 0.095824
1160 0.092808
1161 0.090874
1162 0.104338
1163 0.096936
1164 0.099099
1165 0.100397
1166 0.098688
1167 0.096147
1168 0.091792
1169 0.10293
1170 0.096162
1171 0.095143
1172 0.098148
1173 0.093502
1174 0.092402
1175 0.103925
1176 0.105967
1177 0.101614
1178 0.093068
1179 0.098948
1180 0.104321
1181 0.097885
1182 0.110535
1183 0.097505
1184 0.101565
1185 0.101434
1186 0.101041
1187 0.09571
1188 0.100478
1189 0.098267
1190 0.099082
1191 0.098396
1192 0.11948
1193 0.099771
1194 0.095606
1195 0.102876
1196 0.098687
1197 0.097624
1198 0.096218
1199 0.098134
1200 0.098777
1201 0.101638
1202 0.096172
1203 0.099113
1204 0.101198
1205 0.100904
1206 0.096801
1207 0.09584
1208 0.102807
1209 0.096085
1210 0.100328
1211 0.102838
1212 0.099401
1213 0.094092
1214 0.098397
1215 0.095769
1216 0.102315
1217 0.094772
1218 0.099363
1219 0.097767
1220 0.099616
1221 0.105139
1222 0.103355
1223 0.098225
1224 0.106544
1225 0.110164
1226 0.099082
1227 0.098009
1228 0.099763
1229 0.100087
1230 0.095832
1231 0.101443
1232 0.101186
1233 0.094331
1234 0.100507
1235 0.09819
1236 0.101792
1237 0.10502
1238 0.098666
1239 0.1064
1240 0.097559
1241 0.10605
1242 0.101183
1243 0.105272
1244 0.092203
1245 0.106374
1246 0.111451
1247 0.101911
1248 0.09495
1249 0.099486
1250 0.111751
1251 0.096321
1252 0.106829
1253 0.097218
1254 0.133938
1255 0.094807
1256 0.093957
1257 0.114066
1258 0.097833
1259 0.105719
1260 0.101741
1261 0.096425
1262 0.101629
1263 0.105993
1264 0.101201
1265 0.103215
1266 0.117805
1267 0.115656
1268 0.107407
1269 0.102071
1270 0.093847
1271 0.100721
1272 0.097545
1273 0.099076
1274 0.103158
1275 0.102031
1276 0.104911
1277 0.096028
1278 0.093737
1279 0.10183
1280 0.093959
1281 0.102778
1282 0.105992
1283 0.097911
1284 0.099668
1285 0.091115
1286 0.098601
1287 0.095907
1288 0.099473
1289 0.092356
1290 0.103411
1291 0.097363
1292 0.096236
1293 0.098721
1294 0.098177
1295 0.097678
1296 0.101234
1297 0.110111
1298 0.107829
1299 0.093211
1300 0.104894
1301 0.101491
1302 0.101433
1303 0.101313
1304 0.100545
1305 0.099397
1306 0.093448
1307 0.091788
1308 0.100616
1309 0.092803
1310 0.097766
1311 0.097198
1312 0.10353
1313 0.095135
1314 0.106614
1315 0.095751
1316 0.101238
1317 0.103111
1318 0.102157
1319 0.096999
1320 0.110435
1321 0.116406
1322 0.101879
1323 0.097987
1324 0.091008
1325 0.101236
1326 0.109181
1327 0.096973
1328 0.10428
1329 0.105577
1330 0.096315
1331 0.097728
1332 0.104791
1333 0.094444
1334 0.098475
1335 0.096548
1336 0.092859
1337 0.100238
1338 0.099226
1339 0.097091
1340 0.10092
1341 0.102577
1342 0.092769
1343 0.10373
1344 0.098056
1345 0.096998
1346 0.093221
1347 0.104896
1348 0.096048
1349 0.093102
1350 0.100713
1351 0.102577
1352 0.11382
1353 0.114624
1354 0.106391
1355 0.107792
1356 0.110906
1357 0.099426
1358 0.090361
1359 0.105415
1360 0.099804
1361 0.103429
1362 0.096549
1363 0.10366
1364 0.092526
1365 0.098625
1366 0.10364
1367 0.100093
1368 0.098998
1369 0.09025
1370 0.104481
1371 0.100004
1372 0.095079
1373 0.098085
1374 0.128895
1375 0.096709
1376 0.094864
1377 0.096103
1378 0.100003
1379 0.104276
1380 0.098424
1381 0.105474
1382 0.098101
1383 0.127911
1384 0.089138
1385 0.103838
1386 0.089923
1387 0.091015
1388 0.101069
1389 0.097248
1390 0.105138
1391 0.103772
1392 0.12122
1393 0.10871
1394 0.096263
1395 0.093747
1396 0.097467
1397 0.093899
1398 0.101933
1399 0.101118
1400 0.102475
1401 0.094121
1402 0.098772
1403 0.094597
1404 0.095038
1405 0.087093
1406 0.096751
1407 0.103084
1408 0.095449
1409 0.10285
1410 0.101109
1411 0.091637
1412 0.102519
1413 0.103474
1414 0.108634
1415 0.105896
1416 0.099595
1417 0.098854
1418 0.097558
1419 0.099757
1420 0.09833
1421 0.115709
1422 0.090672
1423 0.099136
1424 0.108547
1425 0.101846
1426 0.096327
1427 0.094045
1428 0.103286
1429 0.100932
1430 0.098987
1431 0.10146
1432 0.092587
1433 0.096524
1434 0.094913
1435 0.090698
1436 0.099144
1437 0.112786
1438 0.116663
1439 0.098651
1440 0.099602
1441 0.099882
1442 0.10739
1443 0.104357
1444 0.102119
1445 0.089608
1446 0.100208
1447 0.100864
1448 0.093842
1449 0.105872
1450 0.102425
1451 0.106617
1452 0.09829
1453 0.095965
1454 0.09966
1455 0.108125
1456 0.096802
1457 0.099142
1458 0.099198
1459 0.096633
1460 0.09876
1461 0.109079
1462 0.098622
1463 0.102548
1464 0.094181
1465 0.104871
1466 0.095287
1467 0.105734
1468 0.099185
1469 0.100931
1470 0.097674
1471 0.099022
1472 0.100345
1473 0.099591
1474 0.098419
1475 0.102144
1476 0.098427
1477 0.097674
1478 0.098302
1479 0.101656
1480 0.097187
1481 0.101403
1482 0.10301
1483 0.10329
1484 0.100264
1485 0.095722
1486 0.092993
1487 0.09496
1488 0.100461
1489 0.103884
1490 0.100296
1491 0.095089
1492 0.098143
1493 0.104779
1494 0.096822
1495 0.105615
1496 0.097425
1497 0.099577
1498 0.100266
1499 0.094998
1500 0.0988
1501 0.095824
1502 0.097494
1503 0.106541
1504 0.098642
1505 0.100547
1506 0.095568
1507 0.094063
1508 0.101586
1509 0.107064
1510 0.091081
1511 0.095962
1512 0.11132
1513 0.097955
1514 0.099944
1515 0.102363
1516 0.090459
1517 0.09895
1518 0.093445
1519 0.135465
1520 0.10304
1521 0.100642
1522 0.100574
1523 0.097148
1524 0.104341
1525 0.104096
1526 0.105951
1527 0.09373
1528 0.102847
1529 0.101235
1530 0.097405
1531 0.100025
1532 0.094456
1533 0.101042
1534 0.111547
1535 0.100943
1536 0.097363
1537 0.097791
1538 0.100095
1539 0.118574
1540 0.097374
1541 0.129873
1542 0.130485
1543 0.097445
1544 0.099557
1545 0.096728
1546 0.103394
1547 0.099156
1548 0.103086
1549 0.091465
1550 0.102689
1551 0.100112
1552 0.098217
1553 0.088873
1554 0.094794
1555 0.097186
1556 0.100709
1557 0.100477
1558 0.106628
1559 0.098187
1560 0.104026
1561 0.100315
1562 0.10036
1563 0.093948
1564 0.100586
1565 0.099363
1566 0.103115
1567 0.096304
1568 0.107642
1569 0.098373
1570 0.09461
1571 0.09667
1572 0.101609
1573 0.096894
1574 0.094685
1575 0.136075
1576 0.095109
1577 0.10246
1578 0.096259
1579 0.092098
1580 0.109838
1581 0.097313
1582 0.096638
1583 0.100155
1584 0.096628
1585 0.098661
1586 0.105629
1587 0.103001
1588 0.102919
1589 0.097718
1590 0.107324
1591 0.100457
1592 0.097195
1593 0.095468
1594 0.106379
1595 0.095022
1596 0.102997
1597 0.104726
1598 0.104382
1599 0.0961
1600 0.107872
1601 0.098411
1602 0.095131
1603 0.099025
1604 0.105202
1605 0.098448
1606 0.10266
1607 0.105667
1608 0.105159
1609 0.091042
1610 0.098281
1611 0.096709
1612 0.101932
1613 0.116633
1614 0.093414
1615 0.094389
1616 0.098958
1617 0.091667
1618 0.096352
1619 0.118332
1620 0.099698
1621 0.096742
1622 0.098934
1623 0.09578
1624 0.091203
1625 0.099206
1626 0.099222
1627 0.099716
1628 0.101294
1629 0.098476
1630 0.093441
1631 0.09842
1632 0.09775
1633 0.093826
1634 0.101799
1635 0.102058
1636 0.097818
1637 0.102457
1638 0.09658
1639 0.100794
1640 0.097918
1641 0.102781
1642 0.10094
1643 0.09556
1644 0.101931
1645 0.097219
1646 0.096493
1647 0.102988
1648 0.10253
1649 0.102987
1650 0.099098
1651 0.101727
1652 0.098796
1653 0.097941
1654 0.117007
1655 0.09764
1656 0.097251
1657 0.103066
1658 0.100324
1659 0.099285
1660 0.094134
1661 0.101172
1662 0.09951
1663 0.103938
1664 0.092884
1665 0.098297
1666 0.1015
1667 0.101327
1668 0.106183
1669 0.099804
1670 0.096019
1671 0.087773
1672 0.092982
1673 0.105563
1674 0.12388
1675 0.098587
1676 0.095114
1677 0.088783
1678 0.086381
1679 0.119576
1680 0.110954
1681 0.103025
1682 0.092099
1683 0.110403
1684 0.101302
1685 0.097177
1686 0.093094
1687 0.096463
1688 0.093584
1689 0.100083
1690 0.102479
1691 0.102565
1692 0.10197
1693 0.096465
1694 0.099312
1695 0.09445
1696 0.096819
1697 0.091012
1698 0.095919
1699 0.101693
1700 0.103308
1701 0.096494
1702 0.101418
1703 0.101903
1704 0.098989
1705 0.095011
1706 0.106234
1707 0.108715
1708 0.11634
1709 0.099097
1710 0.112048
1711 0.096681
1712 0.103725
1713 0.096542
1714 0.097133
1715 0.104385
1716 0.102972
1717 0.09824
1718 0.108347
1719 0.119882
1720 0.101988
1721 0.100136
1722 0.09791
1723 0.089852
1724 0.09519
1725 0.109766
1726 0.08963
1727 0.103181
1728 0.089963
1729 0.096522
1730 0.09772
1731 0.112915
1732 0.094005
1733 0.106595
1734 0.093217
1735 0.095901
1736 0.129749
1737 0.093395
1738 0.088114
1739 0.097516
1740 0.086883
1741 0.087997
1742 0.091906
1743 0.098702
1744 0.109208
1745 0.092415
1746 0.086151
1747 0.086817
1748 0.084406
1749 0.094078
1750 0.091155
1751 0.103276
1752 0.098231
1753 0.111569
1754 0.099349
1755 0.094001
1756 0.09681
1757 0.10118
1758 0.096698
1759 0.136978
1760 0.135284
1761 0.139213
1762 0.097776
1763 0.090947
1764 0.138977
1765 0.126874
1766 0.094905
1767 0.099548
1768 0.102026
1769 0.100526
1770 0.103845
1771 0.098864
1772 0.087541
1773 0.08354
1774 0.089453
1775 0.091159
1776 0.091293
1777 0.099966
1778 0.091776
1779 0.115088
1780 0.095365
1781 0.101682
1782 0.097719
1783 0.091806
1784 0.116355
1785 0.098961
1786 0.094822
1787 0.103157
1788 0.10919
1789 0.08872
1790 0.103016
1791 0.093958
1792 0.101575
1793 0.102274
1794 0.103555
1795 0.088744
1796 0.102685
1797 0.098563
1798 0.092588
1799 0.093959
1800 0.106796
1801 0.10354
1802 0.089027
1803 0.09191
1804 0.088973
1805 0.101029
1806 0.101012
1807 0.104058
1808 0.102806
1809 0.128849
1810 0.110046
1811 0.108624
1812 0.10929
1813 0.125985
1814 0.093431
1815 0.09246
1816 0.114911
1817 0.102683
1818 0.104864
1819 0.103595
1820 0.094397
1821 0.089439
1822 0.100867
1823 0.101229
1824 0.10342
1825 0.109695
1826 0.094969
1827 0.095811
1828 0.095818
1829 0.106075
1830 0.116754
1831 0.099362
1832 0.101423
1833 0.110913
1834 0.099094
1835 0.095208
1836 0.093778
1837 0.0962
1838 0.089592
1839 0.099809
1840 0.093643
1841 0.105341
1842 0.098491
1843 0.098559
1844 0.104457
1845 0.095753
1846 0.092224
1847 0.103862
1848 0.099617
1849 0.098663
1850 0.095295
1851 0.098196
1852 0.093853
1853 0.097269
1854 0.094308
1855 0.101424
1856 0.096947
1857 0.097821
1858 0.103144
1859 0.101609
1860 0.096769
1861 0.103825
1862 0.102647
1863 0.100588
1864 0.092739
1865 0.09231
1866 0.10194
1867 0.095394
1868 0.102679
1869 0.098876
1870 0.103901
1871 0.103658
1872 0.095986
1873 0.097334
1874 0.101897
1875 0.097868
1876 0.096199
1877 0.096811
