26.13630495
26.14026001
26.14407314
26.12558085
26.12476269
26.13496889
26.1344589
26.14131285
26.13921032
26.13032007
26.12808866
26.13636737
26.14124973
26.14023831
26.14150027
26.12589037
26.12523863
26.12778108
26.14498258
26.13680098
26.13030107
26.12361733
26.13488421
26.12982867
26.1242183
26.13126589
26.14037795
26.13130972
26.12597638
26.13595833
26.13627533
26.14123675
26.12588453
26.1239853
26.12635145
26.13415577
26.12469089
26.13441237
26.1313313
26.13562342
26.12234666
26.14277157
26.13106701
26.12779033
26.1265817
26.13409389
26.12726843
26.13690951
26.12990979
26.12274825
26.12873428
26.1368429
26.13332922
26.12768238
26.14107846
26.13964387
26.13254445
26.1282965
26.13776648
26.12546692
26.1362606
26.14441071
26.13588759
26.12615612
26.14427509
26.12627022
26.13027457
26.12684379
26.13104305
26.13575293
26.12979531
26.13573476
26.13875955
26.13478151
26.14316417
26.13351926
26.12712642
26.14033697
26.12449074
26.12496344
26.13032235
26.1351765
26.12786959
26.12122439
26.13171235
26.12866843
26.12693395
26.1451909
26.13475527
26.13373638
26.14401782
26.12580508
26.13732043
26.14123761
26.12935235
26.12944976
26.12974206
26.12518947
26.13578337
26.12239543
26.12335934
26.13198253
26.1433439
26.13281569
26.12935704
26.13380164
26.12403966
26.14433398
26.12567867
26.13842203
26.12327878
26.12244571
26.13730092
26.12931511
26.1397106
26.12530385
26.14081053
26.14474444
26.14167818
26.12360831
26.12260156
26.13883395
26.13682273
26.13719772
26.14220716
26.12685681
26.12592309
26.12499709
26.12878511
26.13349948
26.13181143
26.14016927
26.12898104
26.13235004
26.13034787
26.1410127
26.12650305
26.14297297
26.1281859
26.14077895
26.1432539
26.1305511
26.1312883
26.13431035
26.14227584
26.12952455
26.12557305
26.12941804
26.1301902
26.13396625
26.14035953
26.13376219
26.12932167
26.13308193
26.13469768
26.13889086
26.13217087
26.12311436
26.13472639
26.14378503
26.12748441
26.12589319
26.12506463
26.12542038
26.13494349
26.14384022
26.13700858
26.13206584
26.14483683
26.1245704
26.13468281
26.13373785
26.12801333
26.13030705
26.13831873
26.14335639
26.1316601
26.12135788
26.13254002
26.12600806
26.13087992
26.14206407
26.12273235
26.14410002
26.13001019
26.12617933
26.13154076
26.13612331
26.13653891
26.13066245
26.13873694
26.14327868
26.13497483
26.12577171
26.12228851
26.12604024
26.12774447
26.13464128
26.13083543
26.12892395
26.13252302
26.1283364
26.13392654
26.13580112
26.12564666
26.13945347
26.14283997
26.12310927
26.12805089
26.13530494
26.12831155
26.1423534
26.13678506
26.12882741
26.14478156
26.12625166
26.13594148
26.13251625
26.14150569
26.13810098
26.13883183
26.1323103
26.12542634
26.14360643
26.13094296
26.13810048
26.13525082
26.13887798
26.14426526
26.12816352
26.13658695
26.12949167
26.13112357
26.12769242
26.13331705
26.12878119
26.14469075
26.13720779
26.14174125
26.14362806
26.12687084
26.12535165
26.13567912
26.12954856
26.12180685
26.12990954
26.14338546
26.13832232
26.12085625
26.12352179
26.12197361
26.13356626
26.13114312
26.13794729
26.1306202
26.13290498
26.142321
26.14247842
26.12621777
26.13397777
26.13755226
26.13572912
26.13997802
26.14026285
26.13342461
26.12317107
26.13478376
26.14198699
26.13500067
26.12479438
26.12511201
26.12962078
26.13065158
26.1223354
26.14076083
26.13998062
26.13969032
26.14207526
26.13238393
26.1383854
26.13715359
26.13515124
26.1391804
26.14089502
26.12857705
26.13511562
26.1368872
26.1333742
26.12676085
26.1338091
26.13165433
26.14060958
26.12878651
26.14336395
26.13919432
26.12410937
26.13763703
26.13163632
26.14123913
26.14438395
26.13387943
26.14293826
26.13041475
26.12632033
26.1266974
26.14423193
26.12429817
26.12078185
26.12763057
26.13469435
26.12375655
26.13973932
26.1302053
26.14077194
26.12288977
26.1392555
26.12610609
26.13436769
26.12580728
26.12885966
26.13262401
26.13362901
26.13582954
26.14272798
26.12928896
26.13980841
26.12653562
26.12498164
26.1353882
26.13213759
26.12964628
26.12872301
26.14020189
26.13059225
26.13261066
26.13266279
26.12817109
26.12459189
26.14131173
26.12650401
26.12679894
26.14137281
26.13423947
26.13409848
26.13071123
26.13080215
26.13608236
26.1222524
26.12291008
26.12799699
26.13245815
26.13530756
26.13223674
26.1217635
26.1438299
26.13088636
26.13820617
26.13520351
26.14357241
26.13199266
26.13688585
26.12844428
26.13175047
26.13035507
26.13114215
26.12434284
26.13433708
26.12656006
26.14279622
26.12545624
26.14025483
26.12977093
26.12650247
26.12470021
26.13962962
26.14330926
26.12634007
26.13507424
26.12093362
26.13461105
26.1347403
26.13773552
26.12957413
26.13736958
26.13604884
26.12320343
26.12716708
26.13031732
26.13400672
26.13525253
26.12581021
26.12752504
26.14187314
26.13972349
26.13203321
26.13788168
26.13545624
26.12875741
26.12927959
26.13431828
26.13373864
26.12424866
26.12680884
26.13280117
26.121413
26.12544497
26.13814271
26.14186247
26.12982097
26.13415407
26.12857658
26.12516853
26.13579916
26.13122934
26.1298417
26.13632458
26.13669985
26.13259915
26.13446362
26.12811848
26.12761727
26.12960062
26.1328796
26.13666571
26.12251622
26.14129959
26.13281567
26.12701089
26.12641009
26.12965706
26.13819206
26.13708079
26.13242641
26.14105925
26.13864796
26.14059774
26.12981033
26.12758315
26.12207337
26.14217135
26.12930695
26.13772391
26.12089043
26.13976568
26.12474031
26.14048823
26.13692778
26.13589705
26.13755118
26.13319909
26.14451668
26.14437628
26.137603
26.13931017
26.12595269
26.13874587
26.12848364
26.14084475
26.13083963
26.1270222
26.1257665
26.13584818
26.14196418
26.12336315
26.13814303
26.13118693
26.13122176
26.12929577
26.13455636
26.14440281
26.12849101
26.13303894
26.13055987
26.1272346
26.1314763
26.12818946
26.13362439
26.14416397
26.13638145
26.14133376
26.12606271
26.13515952
26.12821639
26.13712894
26.13177221
26.14448608
26.12445577
26.1401259
26.14055665
26.13091118
26.12381266
26.13567203
26.12104518
26.1363802
26.13103836
26.12916127
26.13679834
26.12886503
26.12821776
26.1374115
26.14316423
26.1290073
26.13276897
26.13350325
26.13182565
26.13399672
26.1311227
26.13375873
26.14092063
26.12869694
26.14242825
26.12969415
26.13016409
26.12480462
26.12117078
26.12352112
26.1430435
26.1396578
26.13276038
26.14117839
26.12504369
26.13209769
26.14194872
26.13940413
26.1401973
26.1415939
26.12758004
26.13549659
26.12556779
26.12745825
26.13366281
26.14284712
26.12857655
26.14066851
26.13430888
26.12987038
26.12279869
26.13643964
26.13463179
26.13254571
26.12829636
26.14424208
26.13277869
26.13994118
26.13856763
26.13523949
26.13470273
26.13060837
26.13759871
26.14001549
26.12304346
26.13002616
26.12626045
26.13729562
26.133227
26.13843247
26.13459317
26.13632242
26.12380681
26.13883904
26.13179716
26.13856371
26.13027923
26.14351542
26.1416944
26.13763463
26.13894473
26.12310239
26.13379235
26.14210582
26.12920042
26.14107777
26.12157734
26.12515607
26.12192405
26.14068589
26.13051873
26.13160456
26.13710538
26.13441654
26.13516114
26.13748047
26.13071112
26.12977316
26.12410111
26.12491455
26.13676304
26.13601527
26.1410876
26.1379985
26.12589521
26.13661067
26.13925923
26.13914343
26.13272461
26.13699894
26.12607991
26.1358484
26.13750211
26.12456704
26.12470058
26.13521342
26.13680969
26.14002069
26.12688316
26.13670068
26.13804127
26.13349856
26.14245103
26.12305557
26.14303554
26.12729334
26.12894898
26.13894001
26.13801046
26.13834009
26.13821417
26.12804558
26.14289706
26.13229838
26.12913631
26.12925947
26.1395177
26.14062563
26.14043593
26.13966397
26.13973189
26.14404556
26.1261251
26.12517172
26.14001576
26.13379359
26.13886868
26.12616574
26.12620487
26.12260279
26.13532107
26.12250941
26.1426753
26.12649003
26.13780616
26.12194722
26.13849392
26.12925864
26.12852171
26.13340331
26.13124367
26.137695
26.13664869
26.13099657
26.13526124
26.13371406
26.12388046
26.13165919
26.13621752
26.14178139
26.13095486
26.13245126
26.13860659
26.13846128
26.13322238
26.14383462
26.12784593
26.13849029
26.13271196
26.12819314
26.14246397
26.12183297
26.12867348
26.12557737
26.12586132
26.13202457
26.13424251
26.13560306
26.14327225
26.13528936
26.13037075
26.14287795
26.13976613
26.14402061
26.1302947
26.12829932
26.12573359
26.12552523
26.13374195
26.13811258
26.13629914
26.14178516
26.13821871
26.12371589
26.13017632
26.1447055
26.12708442
26.13276549
26.14224773
26.13053189
26.13049615
26.12282494
26.13050894
26.13991814
26.14016547
26.14157084
26.12767388
26.1357175
26.12886811
26.1339897
26.12648091
26.12678534
26.12724846
26.13744244
26.13675913
26.14153058
26.14466757
26.13020375
26.13253563
26.1334388
26.13915133
26.12821324
26.13185565
26.14111324
26.1329433
26.12360023
26.13082643
26.12889309
26.13655257
26.13468488
26.14338982
26.13466286
26.1378374
26.14035951
26.13498518
26.1227287
26.14334637
26.13245678
26.12553046
26.13885407
26.14561387
26.14221496
26.13949963
26.1281755
26.12107668
26.13899423
26.13026651
26.13420751
26.13144277
26.14043944
26.12366261
26.14295474
26.14509626
26.13610909
26.13392839
26.13501311
26.12896116
26.13874366
26.13214968
26.13860386
26.13584835
26.122864
26.1415642
26.13010637
26.13464293
26.14085461
26.12968317
26.14178145
26.13120609
26.12399172
26.13427962
26.12755018
26.13128735
26.13220954
26.14417888
26.12960619
26.1442874
26.13550185
26.12357411
26.1343794
26.14086102
26.14371012
26.14554107
26.12606158
26.13017498
26.13539252
26.13524522
26.12157192
26.12769481
26.13044639
26.12360215
26.14459116
26.12988547
26.13194865
26.13186033
26.1416309
26.13688495
26.13341666
26.1262191
26.14413713
26.12786213
26.12621688
26.12991906
26.13209677
26.13322414
26.12391958
26.12983032
26.14089833
26.12715178
26.1437977
26.13462436
26.12427287
26.14325412
26.13093954
26.13318359
26.14138383
26.13156675
26.12830294
26.12884393
26.13136744
26.14107997
26.13398314
26.12120338
26.13898362
26.12439359
26.13372256
26.12590024
26.12721935
26.14001142
26.12458155
26.14098728
26.14024699
26.12914727
26.13518162
26.13894024
26.13327773
26.1364899
26.13650552
26.14163197
26.12319728
26.13762136
26.12745436
26.13620393
26.13671037
26.14374349
26.12911814
26.13606778
26.12958995
26.14114243
26.14393422
26.13803457
26.13047517
26.13749626
26.13835379
26.14205285
26.12706653
26.13817554
26.12775103
26.12618558
26.12556406
26.13848554
26.1342471
26.13336525
26.13255302
26.12453612
26.14384806
26.12443687
26.13885547
26.12104163
26.13081785
26.12710668
26.13081868
26.13580944
26.12635753
26.14427529
26.13926249
26.13894733
26.13169778
26.13500238
26.13901025
26.13162451
26.13968721
26.12838996
26.12658524
26.12210178
26.1294844
26.12766373
26.12300217
26.12912651
26.12918074
26.12441389
26.12518877
26.12866941
26.13814991
26.13369069
26.12935227
26.12666184
26.13201696
26.13164529
26.13074224
26.12961894
26.12492784
26.12850549
26.13189997
26.12826739
26.14172007
26.13176398
26.1275946
26.12433494
26.13527868
26.14009099
26.14509319
26.14536719
26.12989245
26.13265538
26.13632615
26.12229882
26.13765011
26.13308901
26.12431068
26.13324317
26.13242729
26.13769307
26.12360625
26.12578745
26.14205981
26.13084867
26.14491323
26.13829971
26.14362513
26.14253242
26.13366998
26.12926711
26.12278923
26.1267419
26.13237454
26.13609199
26.13221246
26.143241
26.14014466
26.1315685
26.12192468
26.14078109
26.13710206
26.1266081
26.1370999
26.13419218
26.13662301
26.14384868
26.1320031
26.13644615
26.12617013
26.13130907
26.12905512
26.12598483
26.1346718
26.13908609
26.12914535
26.13007708
26.12804242
26.12369117
26.14379875
26.13975048
26.12433378
26.14390941
26.12958451
26.14167497
26.13194138
26.13155295
26.13141333
26.13791637
26.14112505
26.13089886
26.13901931
26.14108302
26.12862347
26.13065695
26.13114515
26.13215228
26.13472979
26.13118751
26.14365905
26.12290118
26.13001316
26.13003538
26.14261479
26.14447851
26.13151701
26.134232
26.14034581
26.13445871
26.13002754
26.14385258
26.14269372
26.12948118
26.12839846
26.12337582
26.12486912
26.14159299
26.13100307
26.12720063
26.13894157
26.14178108
26.13125634

