44.49568307
44.49878588
44.49912043
44.49488171
44.50499503
44.49448921
44.50638004
44.49985653
44.49942394
44.49130537
44.50727381
44.50823329
44.50590266
44.49898241
44.50651857
44.49842605
44.4950555
44.50492465
44.50305567
44.50376379
44.49439905
44.49617184
44.49197086
44.49167732
44.50546659
44.50408235
44.49792715
44.50388336
44.50700374
44.49215358
44.49177418
44.49825759
44.49484893
44.49891423
44.50701488
44.50334913
44.50536029
44.50595919
44.49715947
44.49997256
44.49809701
44.50513077
44.50138602
44.4996333
44.49514602
44.50238149
44.5053092
44.49861409
44.49999194
44.50255498
44.50517276
44.50795237
44.49882081
44.5080277
44.49659249
44.50476793
44.49476605
44.49316506
44.49994262
44.49503346
44.49357684
44.497051
44.49789658
44.49646642
44.50049539
44.4934102
44.50399978
44.50608464
44.50076654
44.5057005
44.49788216
44.49862347
44.4934525
44.50356485
44.50080429
44.49897844
44.50398185
44.49271067
44.50238604
44.49940392
44.49853761
44.50035483
44.50606852
44.49922328
44.49626272
44.4999452
44.49263966
44.50055948
44.50308797
44.49137683
44.4953354
44.49588921
44.50501094
44.49567901
44.50595906
44.50264874
44.49282083
44.49722944
44.49169775
44.49731954
44.5013576
44.50028812
44.50264921
44.50159151
44.5031413
44.50256893
44.50560036
44.50156338
44.49562023
44.494681
44.49848403
44.49676586
44.49311856
44.49919733
44.4944356
44.4970056
44.5006647
44.496404
44.49962107
44.50036197
44.49986506
44.50373551
44.50559031
44.49576009
44.4978092
44.49389484
44.50410936
44.50458616
44.50657239
44.49773815
44.49304704
44.49593673
44.49954296
44.50715184
44.49292657
44.50044576
44.49696561
44.4999677
44.49734436
44.50097653
44.50502739
44.49787284
44.49138309
44.50127102
44.50198576
44.50311752
44.50398546
44.49218795
44.50862092
44.49580864
44.50290143
44.5074875
44.50337205
44.49400809
44.495966
44.49588497
44.50658667
44.50356949
44.49750274
44.49566704
44.49819463
44.50095757
44.50298188
44.49792424
44.49192442
44.50252067
44.50012344
44.49353235
44.50035377
44.49838699
44.49499725
44.49726069
44.50566566
44.49720078
44.50447021
44.49587947
44.50768633
44.49910929
44.50423995
44.49637061
44.50408
44.50329369
44.50296287
44.50277413
44.49840132
44.49617728
44.50748413
44.49460999
44.50006076
44.50685905
44.49621107
44.49899757
44.50535182
44.5056313
44.50005728
44.50128816
44.49383705
44.49967987
44.50863036
44.49995091
44.50392632
44.49308213
44.50087159
44.50150856
44.49519253
44.4987339
44.50239479
44.50258757
44.49590169
44.50528258
44.49356532
44.50081736
44.50712787
44.50084543
44.49811401
44.50243188
44.50718794
44.50892006
44.49371428
44.49806908
44.49432452
44.49656202
44.49686911
44.49895736
44.5076757
44.5028556
44.50000805
44.49214542
44.49875649
44.50253041
44.49176842
44.50156386
44.50870974
44.49649982
44.50040535
44.50255315
44.50298509
44.49557745
44.4977642
44.50279224
44.49935439
44.50238816
44.49139756
44.50650082
44.50309127
44.49773282
44.50259137
44.50665302
44.49982898
44.50112479
44.49778938
44.50181103
44.50092545
44.50732424
44.49568765
44.50264606
44.50413031
44.49688078
44.49931913
44.49589487
44.49923393
44.49201465
44.49370548
44.5074507
44.50257492
44.49735562
44.49424676
44.49959094
44.49453873
44.50538744
44.4947274
44.50724825
44.49347696
44.49568066
44.49448997
44.50065306
44.50143591
44.49886954
44.49745357
44.49984623
44.5037207
44.49347767
44.50441885
44.50629318
44.50497262
44.49353745
44.49343672
44.49536265
44.50591579
44.50771084
44.50706575
44.49682403
44.50254786
44.49768449
44.49734175
44.49512708
44.49402359
44.50805084
44.49687447
44.49597293
44.49994292
44.50390011
44.50755114
44.49694094
44.50403298
44.49969842
44.50574669
44.50057028
44.49707504
44.5078958
44.49473186
44.50309663
44.50733633
44.50341798
44.50464624
44.49846272
44.504678
44.49770977
44.4985002
44.50062905
44.50155352
44.50576519
44.50625024
44.49876619
44.49294202
44.4948549
44.49343296
44.50312485
44.50352179
44.49629037
44.50400139
44.5007265
44.49905816
44.50111496
44.49850255
44.49254769
44.5073859
44.49526983
44.50095329
44.50166838
44.50576084
44.50017579
44.50213661
44.49467308
44.49700833
44.50845148
44.50752896
44.49924886
44.50112072
44.5080796
44.49989861
44.50449079
44.49359399
44.50049256
44.50307953
44.50273123
44.49962039
44.50311768
44.50400883
44.49803794
44.50223576
44.49785536
44.50341943
44.49168919
44.50217961
44.50142227
44.50106076
44.49465008
44.49522339
44.50008862
44.49475302
44.49796814
44.50557477
44.50502123
44.49279683
44.49903652
44.4954406
44.49617174
44.50100674
44.49851492
44.49896133
44.4920429
44.49928682
44.50109796
44.50239832
44.49997457
44.49977906
44.49372605
44.50633333
44.49801376
44.49396501
44.50300913
44.5044679
44.49898524
44.49279293
44.50758375
44.5004399
44.50032731
44.49307006
44.49196697
44.50726058
44.49905771
44.50176408
44.50741576
44.49872756
44.49745946
44.49172708
44.49914904
44.50805199
44.50767229
44.50199031
44.494179
44.50665671
44.49293413
44.49773851
44.5010156
44.49335575
44.50074687
44.50301929
44.49760449
44.50748511
44.49553235
44.50694073
44.50671971
44.50320123
44.4938932
44.50057498
44.50180011
44.50245845
44.49984331
44.50249917
44.49628287
44.502265
44.49466396
44.49186209
44.49357458
44.49152539
44.5034878
44.50063418
44.49401048
44.49384232
44.49886057
44.49887568
44.49700572
44.49499901
44.50210676
44.50225923
44.49281938
44.49654033
44.50844441
44.49593304
44.5018682
44.50371755
44.49799564
44.49991184
44.49369848
44.50821825
44.49428105
44.49188801
44.49493418
44.50423945
44.49938907
44.50345721
44.50388979
44.49805971
44.49484065
44.49178774
44.49698639
44.49838864
44.49875387
44.50319976
44.50344411
44.49529862
44.49638743
44.49257917
44.49612203
44.49863681
44.50177875
44.4956699
44.494356
44.50256747
44.5026409
44.49701736
44.50228003
44.49828831
44.49990464
44.49363537
44.49385491
44.4965476
44.49651623
44.50498947
44.50205377
44.50144969
44.50393581
44.50534231
44.50172778
44.49987322
44.49274672
44.49719531
44.50393148
44.49868827
44.50709342
44.50650955
44.49452149
44.50733897
44.49945029
44.500426
44.50385429
44.50291501
44.49794263
44.50241126
44.4927916
44.49634038
44.50325982
44.50021229
44.49801594
44.50293357
44.49595732
44.49917862
44.50650054
44.50092181
44.4912323
44.49975002
44.50487402
44.49697029
44.50453605
44.5005119
44.49125521
44.50005639
44.49544124
44.49415258
44.49768185
44.50124352
44.49290163
44.50634351
44.49683403
44.49872876
44.49738074
44.49245505
44.50296427
44.49408184
44.50127522
44.49331729
44.4970591
44.49692442
44.50585247
44.50295312
44.50469831
44.49439929
44.4939041
44.49491618
44.49983673
44.50136847
44.4933125
44.50546005
44.50814528
44.49142532
44.49629339
44.49886878
44.5010367
44.49896623
44.50227597
44.50181488
44.50526173
44.49574013
44.50158074
44.49407081
44.5018467
44.4925675
44.49479198
44.5022781
44.49989373
44.49849549
44.49560785
44.49930989
44.50292983
44.49574429
44.5034846
44.49216192
44.5087182
44.49669349
44.50056234
44.50487444
44.5034524
44.4973883
44.49509937
44.50467553
44.4972789
44.50014274
44.50738234
44.49673213
44.49892477
44.49277587
44.49740377
44.49578889
44.49422984
44.50266051
44.50182928
44.50545741
44.49720842
44.49603123
44.49954889
44.49722917
44.49723369
44.49520476
44.50216149
44.49239427
44.5065198
44.49736854
44.49704152
44.49803946
44.49800889
44.50506584
44.49907214
44.49193622
44.50590687
44.49537841
44.50699742
44.50454093
44.50556624
44.49808072
44.50622746
44.50777718
44.49855675
44.50011942
44.49559828
44.50494112
44.50227462
44.49519335
44.50553711
44.49696052
44.49482982
44.50175948
44.50682544
44.49638566
44.50269874
44.49968535
44.49992772
44.4994496
44.49901789
44.5001975
44.49660097
44.49924661
44.49803244
44.50761783
44.50898235
44.50790928
44.50702293
44.4972892
44.50638007
44.49321726
44.49824178
44.49587509
44.5017944
44.50873556
44.50009544
44.50028218
44.50582679
44.50402679
44.50132611
44.49968302
44.50192675
44.50054592
44.495673
44.49706301
44.50762017
44.4994701
44.50165879
44.49265553
44.50297996
44.50690529
44.49248017
44.49240116
44.50434576
44.49478535
44.50719411
44.50479547
44.50539718
44.50591602
44.4984667
44.49580483
44.49964793
44.49884375
44.50181195
44.50669547
44.49685031
44.50790397
44.49685235
44.50581334
44.50157768
44.49878993
44.50185426
44.49496126
44.49143745
44.50479816
44.50473356
44.49209375
44.49616629
44.49999134
44.49790718
44.50746051
44.49326679
44.50702724
44.49886678
44.49159641
44.50428963
44.49260101
44.49794704
44.49308619
44.49961952
44.50782422
44.49965
44.50038245
44.50470008
44.50685064
44.49735856
44.50258965
44.49215514
44.50850446
44.50662221
44.4995426
44.49795363
44.49169789
44.49187492
44.50248909
44.50113574
44.49587679
44.49142991
44.49565243
44.49752854
44.49227379
44.5022813
44.50512066
44.49306652
44.49950585
44.49960388
44.50022511
44.4981356
44.50276894
44.49835907
44.49830386
44.50411297
44.49390792
44.50549065
44.50251228
44.49692383
44.49501939
44.50525135
44.50166545
44.50660204
44.50578309
44.50807344
44.50645
44.49630907
44.50622669
44.49328067
44.4972278
44.50040612
44.50196217
44.49480414
44.49189357
44.49478488
44.49149492
44.49539395
44.49827332
44.50203275
44.49119581
44.50632103
44.49327222
44.49616647
44.50409656
44.49896749
44.50254328
44.50727863
44.50407937
44.49584565
44.49760752
44.49930293
44.49880155
44.50111405
44.50078963
44.50787253
44.4913888
44.49920685
44.50578025
44.49154782
44.49761872
44.49838082
44.50183829
44.50646919
44.49184543
44.49681502
44.49933537
44.50021566
44.49882698
44.49895786
44.5023868
44.49876671
44.50645589
44.50057731
44.49298052
44.4973909
44.49732616
44.49474216
44.50392335
44.49605277
44.49669717
44.50400476
44.50207215
44.50468705
44.49877607
44.49836677
44.50849203
44.5024661
44.50097673
44.49708467
44.49572177
44.49654711
44.49762113
44.49738536
44.49918188
44.4946396
44.50627637
44.50743542
44.49632762
44.49694643
44.49902603
44.49410251
44.49284872
44.50542093
44.49365527
44.5067721
44.50025211
44.49140234
44.49919328
44.50248978
44.49452515
44.49962724
44.49988726
44.50833215
44.4951439
44.50685774
44.50670886
44.50131885
44.50452911
44.49598907
44.49548718
44.50365173
44.50519815
44.49518613
44.4997258
44.50649638
44.50281656
44.496707
44.49405443
44.50639858
44.50327006
44.50045993
44.50460656
44.49141808
44.50353554
44.4994782
44.49528097
44.50801127
44.49821249
44.49884204
44.49224465
44.50166976
44.49897012
44.50154048
44.49997278
44.50379248
44.49614302
44.4934741
44.49668211
44.5018258
44.50384509
44.50095768
44.49504283
44.49556671
44.49993055
44.5016752
44.49957279
44.50201954
44.50488062
44.50030817
44.49403809
44.49370887
44.50714718
44.49934001
44.50554712
44.50107139
44.50548232
44.50786067
44.5001178
44.50378477
44.5002887
44.49573227
44.49519002
44.49953604
44.5003347
44.49934757
44.49178416
44.49772285
44.49915737
44.50087181
44.50570089
44.49960991
44.50193041
44.49499053
44.49673469
44.49497949
44.50170342
44.50567395
44.49961168
44.50018459
44.49150228
44.49943253
44.49513668
44.4984438
44.50137533
44.50122862
44.49934707
44.5011052
44.50663597
44.49667234
44.50607689
44.50754138
44.50459135
44.49972892
44.50403245
44.50498329
44.49395508
44.49364516
44.50534829
44.50382769
44.49590354
44.50344689
44.50309391
44.49570817
44.50165148
44.50133804
44.50855602
44.49853229
44.49784072
44.49741702
44.50183892
44.50467556
44.50210279
44.50180372
44.50424869
44.4985204
44.49358505
44.503035
44.49791389
44.50552884
44.50101714
44.49667549
44.49915655
44.49912724
44.49724644
44.49610505
44.49714231
44.4944425
44.49864858
44.50518412
44.50490515
44.49377096
44.49599056
44.49233188
44.49543579
44.50415302
44.49457238
44.50392763
44.49296558
44.50476252
44.50752701
44.49977044
44.49705741
44.50688756
44.49431875
44.50286663
44.50100731
44.5071474
44.5022017
44.49778254
44.49251844
44.49324885
44.49953557
44.49475393
44.50118737
44.50560038
44.49458171
44.49379852
44.50072232
44.49382821
44.5062892
44.49257143
44.50589374
44.50536588

