166.06201909
85.08307046
-174.55594599
73.7629184
119.27812521
99.28644751
7.74951091
149.12444648
-13.54241689
96.42209759
29.60419266
-156.55344825
71.1838746
118.53063823
11.64574638
113.58120688
17.86098926
173.21167919
-131.68488832
-125.96222312
-97.78253468
-24.89577501
35.36294541
104.00519662
153.4521519
134.86346051
5.45325763
157.00057935
36.28119356
-30.47179155
-160.20721548
-35.36397577
-74.20901317
18.81732998
-41.97821268
-88.09500092
128.65050449
-60.77608931
-164.44521915
84.02788815
-177.02463098
153.40305165
53.25975342
112.81493599
69.17293179
129.28968194
-21.43656078
177.48133699
-79.41910861
21.89351458
134.64219169
166.84247339
-98.82893903
66.99952063
132.65180251
107.53675632
11.29884781
94.19750271
148.55865064
156.59251351
-161.46320655
118.97801514
-2.79194776
-178.84327588
70.63036939
160.24275596
-38.74086368
-142.73581398
-128.51728487
-131.75468924
158.8924443
-30.24130077
-57.7802005
119.14269293
169.70683429
-95.2571986
94.13090614
150.97792677
-162.74595255
-115.62941285
85.07948876
-159.91758795
80.84774641
-45.28951427
111.02661058
7.56669821
-95.35121433
-141.69879454
55.68678642
-155.38043579
-136.86879181
-11.88115624
-35.1264235
72.2643762
108.91393065
-172.18166855
80.62351229
39.01753185
31.73987975
-80.01067056
-55.55507547
47.17865039
89.32015073
153.64344252
31.2784717
59.89649145
137.39277545
-117.31824933
-49.63966605
99.17415165
-121.03606344
146.68589748
159.51664359
161.20968144
-63.78830218
-34.45615352
-154.43065919
-104.03293302
113.57434124
-158.62992586
-143.57349558
125.38237976
128.44703899
-102.36036108
140.17088417
145.0748301
60.84901887
-92.76891708
166.24151143
80.62610107
137.58796522
151.50623271
160.93871263
81.70456922
-97.91539731
-144.74470367
-55.26865945
-57.89120765
-116.41992885
75.38640461
103.7607484
22.97393594
133.70912096
145.12044418
-86.27512116
-147.47522894
65.21019221
-117.82425901
58.90871595
-135.18897463
-132.16379625
-11.94686507
115.00698854
113.17008333
51.16831446
-20.77074407
131.90075305
-142.57229214
63.41394495
-141.36603978
-124.67871082
152.97827293
131.26486207
95.06637051
-106.33956009
-166.05461826
-111.87927867
46.30467109
-36.14814947
-111.53703712
109.74055532
-2.42752213
-84.99728607
-91.47241374
-62.01324334
-94.57511709
77.36840736
74.20560389
131.37422399
-77.92741189
16.04554246
-60.75266778
0.95183479
-13.61925483
118.07497375
-42.96239655
-48.99085827
-10.84296059
-167.84086568
-47.51439046
-38.812961
-108.61106211
-2.57267646
-18.26680727
-94.92773723
-20.35456465
-38.63461554
51.01179623
-58.1187096
-65.99271595
-76.18644632
-177.41794517
-175.27396184
69.44883251
152.9025063
-55.65653617
18.07290139
-49.70229786
73.51355676
150.50733766
110.93769803
-104.85918024
136.65151438
-120.83724357
151.35405639
-33.1903639
-32.19099675
-126.26546705
-165.46133303
127.25059502
173.09197072
16.61055831
74.36875031
125.49002335
-28.24317409
58.83519196
-114.97161126
70.18045372
125.4413496
-84.81622786
-20.70616015
77.313047
94.14403115
36.84274497
138.48059256
-110.87147554
137.2784617
-119.31108156
101.04291589
97.20898352
153.2219361
7.79499062
65.63149667
-72.54951977
-141.15232221
-32.22843538
12.87741226
-167.90836504
-76.52180956
153.43521235
-4.77339745
147.70202569
-120.18747793
45.05046516
160.99355857
-81.02197837
130.14630059
175.39640475
-155.66845212
-48.03182253
-136.65097191
121.03955212
-55.5655631
163.50149146
-96.38239772
-173.11909808
118.47651056
168.30754554
72.56161937
121.42497561
-88.7550577
52.81137506
73.57149422
82.63238584
-155.61254788
-93.3100502
174.61090034
85.35424965
-168.0580453
-57.37513229
-1.21403857
-128.00107031
-17.12254749
-92.37037715
44.76856534
142.79198765
168.83263242
86.1219468
-7.23974763
-158.39715319
87.5530888
-166.93923723
15.05673483
109.85619236
-43.26514064
-0.67222757
-91.4723804
-20.16958206
78.69492161
15.1270194
117.68078206
-150.31808806
99.26599158
95.54794887
-38.19547119
105.66128406
116.4038462
28.80700668
-153.19057518
15.22707766
110.13880243
14.6304812
-52.85997176
-95.00332753
62.71454498
46.42767549
-67.62404927
172.43842156
-7.21953752
-48.6333105
-34.38701042
3.92201562
-104.69811027
-118.17758532
-142.10561055
-67.27136812
-174.12972987
74.48741498
106.07375052
22.49858969
18.11526452
-120.57098735
111.34732815
103.78964278
113.19403265
173.63675218
99.48417273
-49.77652181
-15.43045309
168.46642567
-84.13017618
85.9141076
-31.75115093
-5.99066869
167.31788641
-73.70407527
-15.30073517
-44.50446018
-103.79631967
-68.00884518
168.21242952
-46.43715105
77.5719061
-63.65113215
-45.30840202
109.14400524
175.83529957
18.34025298
153.94348967
-71.26668453
143.79441606
26.06375707
54.39470755
-54.56414086
126.01595568
-88.16506996
89.21492027
-63.66090508
153.79991441
10.8034308
-122.37380619
58.93520167
108.3128313
-158.16869632
128.12230366
163.54291626
-131.55435195
-165.62549298
154.2325525
4.85904199
110.14454151
92.27846744
-155.10969859
-34.39457953
-1.9060158
-162.87489257
142.77182526
-75.49269187
-3.56071423
-15.97176903
118.37107441
87.39829747
125.1541048
-29.53739754
44.64300499
138.15842103
135.13712754
37.00777922
-67.52714966
-139.44155196
151.91786644
66.76777243
-30.01846559
-77.10854778
-76.45143498
150.91215303
-101.48029172
-55.1213586
155.203314
52.42211156
-48.84540301
-93.4638264
-152.58870815
19.74114858
29.48509202
136.85676594
31.59395664
-99.52507545
31.11342524
67.122615
-26.31844625
-94.03064636
58.79959095
-152.31387983
-36.01116134
-14.91689423
26.83045498
-77.51431152
-172.26132386
-118.67419121
-119.11094671
-121.00462339
25.6182819
161.84123128
-29.7616343
-87.62858236
134.50964258
-168.40756425
20.24289486
83.42568723
-148.55310562
-162.95040462
87.86859093
-173.61682566
-147.49368866
-109.35894897
-153.74448675
-71.03532906
116.83985238
-100.9334452
37.25404951
-164.66997566
-115.43988573
115.95268427
99.2444687
-62.52241098
-80.51802031
-53.06549974
-115.26520051
-128.75164931
59.12149166
-95.59381194
167.19892946
145.56329255
9.4147161
-0.57969902
-83.00283392
48.6447324
-150.75647675
-145.21909639
78.65832749
3.85218421
-110.0159069
106.58261787
178.26996307
-88.71348779
-154.34984414
167.44827782
-29.87545369
11.47494229
74.98884033
60.83176217
-112.77592255
-39.63876156
-95.03850564
-103.23992657
-172.49928136
-164.12970183
-132.40198319
-143.82021819
107.16173155
-19.10066508
-154.88945497
-83.62428555
-142.2320176
-15.03749699
170.81544287
-37.20620882
-6.8591165
-112.08899922
36.26032131
-42.33783046
160.06988079
-7.69974659
63.38638129
64.83015337
-173.91303883
135.75927303
-100.22343066
106.32786992
-2.57952731
48.39786915
110.77905237
95.36389919
-77.32934872
-155.03670943
-48.29822096
-153.32930732
130.1431516
-13.25023251
34.18307001
71.83495825
-61.64661289
85.51932666
-98.82168941
-177.584408
-97.32157939
81.51892613
162.67599303
161.21149148
48.87418141
122.34964587
-71.57610751
1.51293803
135.40668094
134.8979386
36.45737548
-37.70743017
-35.63048173
-145.11631486
95.4164869
154.28291945
-147.5926594
-143.87566598
-32.86714755
152.69212262
130.19121734
39.69180816
71.49337591
33.92408223
63.8100957
39.35435401
74.92141276
-153.6608024
67.2424045
67.42058744
81.13301053
-44.70290425
142.43502168
-75.91783144
155.78758969
-110.70558768
-22.741243
33.00917066
-146.69173752
43.13094225
-154.56593018
34.89385867
107.80845172
-53.54160281
-73.16032922
-83.50231373
29.2136793
130.42892102
-176.55300953
80.81096648
21.54659972
-53.21885605
85.54109419
-11.43124319
151.28985226
-33.53650694
-107.14962959
79.55655358
10.94681675
54.15561926
120.69172729
-149.15178713
16.25207242
83.85322159
149.61838841
-152.73022926
-107.64123995
12.22773318
-168.17248652
-81.96865266
44.67676883
-122.11724606
74.78210399
-150.50001806
-29.97461796
-2.86294457
114.58094765
13.98671357
155.20666133
-173.05541335
-155.56316306
120.90708549
-105.90843295
165.99167472
-49.21392308
-144.39071375
-23.39696133
160.5474064
-84.27421045
-125.81335206
1.11634894
-75.00577453
-132.6765896
-49.20955819
50.12148361
170.26146071
74.17413316
-60.89649388
5.00623937
156.49877565
-63.62433941
-100.53373596
11.25404853
-36.91971495
-111.30682054
147.95025749
91.91878611
40.23872813
169.54499413
156.21599984
11.94383116
29.08123292
47.06728422
0.30326175
107.73535251
2.87534092
147.19661442
-162.29534121
149.75023991
153.44140177
88.30232715
-96.10322676
-151.51911664
-43.0017713
-73.81174286
-71.68218725
41.62275936
-65.05539627
85.21664819
153.35347507
144.12912372
-148.20481338
-51.19335948
136.9331692
170.08874106
-7.25687272
35.56631733
102.87230799
-70.1319229
-119.97809754
0.32405876
130.51839139
142.25289319
-171.81496625
170.47855625
53.61926957
-60.00365146
-8.76430248
141.01839573
-28.20062179
159.0502198
-102.67999495
-35.08489125
130.96718742
-43.04370885
161.76501212
47.15267058
103.79660781
124.15546747
-79.33178026
139.45055868
43.92900098
123.80476266
-130.81262594
104.5854486
-29.1566293
27.5918305
-151.60181408
36.35559647
-28.28730903
71.23309684
-97.40794208
7.22514322
-73.17450306
108.08452649
-51.33145693
105.00553555
-146.83107184
-109.8581821
-124.33866394
-175.38800751
97.83436987
161.53584502
91.5467669
157.76719091
-151.1338706
35.48186999
-21.81263334
160.57402519
59.06388431
98.71454869
-136.63824676
-81.05711204
58.39866293
-104.69127704
136.78013274
79.79832201
44.88063202
-117.95358022
-24.39779855
41.19176693
-146.16976242
76.37704806
12.97608662
-127.02437844
125.74815332
-35.95915691
121.84154919
-112.99070454
173.45695415
82.77446666
45.09960529
149.76188366
133.8332367
3.23164956
-94.03368125
25.56700233
143.92324952
22.30728173
44.22903365
-123.69342518
-20.52314561
49.37207716
86.49655932
-115.13712204
-147.80038362
-100.3558357
-38.95802902
160.56541662
-35.83342938
113.50361131
18.38724271
-161.39044418
-122.63393708
-7.98851243
79.6186151
-34.76243182
-153.81843524
-6.60982522
99.69078385
134.70259597
-79.02716125
-158.02086952
-150.28271878
-134.3132166
76.97177833
-71.71202317
-81.40221439
0.44722691
-124.43186174
-92.1111856
-143.8910079
-19.85149419
28.33767795
-101.36393348
-125.24731337
134.49141093
-149.27707357
169.27919211
99.68698267
42.74126975
-42.78441656
-41.18572228
153.42040697
-7.19447816
73.60217925
-119.86411541
-167.92343745
120.40236233
-12.96746204
40.03063459
85.7581438
101.43538793
55.15640617
-141.59159566
-166.96388849
149.95567919
-166.81296644
-63.56148853
5.44722487
-132.56852165
-93.89719917
-23.76248687
-56.75553099
111.99009714
46.81968393
-151.25217408
-178.20102926
-84.51860191
19.64474302
-177.18529212
-22.42202581
-13.68842245
-115.72437246
79.50908622
71.65436158
-138.93757626
-48.02498631
102.22195406
-2.61938013
108.64322168
119.06764316
137.02495734
-80.99929605
125.86645134
68.14675422
-148.54917796
-66.53373113
-64.61055895
38.08130211
-176.11587766
60.23538674
165.8623258
-179.68506345
-96.27527176
-135.26774906
-95.02061
109.49769855
-21.99263655
115.17167447
129.04502051
-151.71370318
163.54496541
-92.79904645
149.40206355
-55.0477336
-2.99236136
44.07125755
-171.76038537
121.15913667
-42.08002863
-99.15479148
57.38797201
53.16856137
44.49025968
-121.16083624
7.84865042
-12.36955195
-166.66232708
118.803641
-87.30131161
121.76724619
19.73909536
-78.0301061
-9.02130504
133.8715917
164.49713006
27.46686481
-142.58127857
-35.17138894
-154.2448137
-5.45828252
172.30335622
10.67525671
105.99998863
-1.15043066
-48.81327824
79.48238648
22.43112419
-158.41896254
99.70622924
166.23643933
179.50638035
-168.19544475
91.31325893
-51.41491997
-45.99410561
112.98163162
-119.6440183
-133.27896808
129.32060815
-160.78765898
163.3958375
79.11584407
-133.0363562
2.83586233
151.77145944
-89.75173422
-69.20383595
25.91778319
28.37286103
-139.16405218
137.26324442
100.77184629
-25.52702855
53.34679443
64.9077768
38.82932489
-9.03288616
103.32396696
32.70332148
-164.00499387
-91.10756912
153.22227574
13.95186291
147.23645582
159.14708286
128.54336006
32.45401435
-144.7849361
-45.02383436
41.23008205
131.94613247
-146.29003476
-120.38896794
-124.10316841
-155.31158636
-107.66435814
-117.85089167
-115.7752317
78.43932804
175.95603489
40.97382446
116.25581349
-61.43611502
99.45255426
-5.41982611
155.37260153
111.66561743
56.27970429
19.69423686
111.38985921
156.74159194
125.31524465
-61.54099265
42.85556926
49.21842805
-82.5907444
-94.17977536
-146.13488589
-22.04358095
-9.77355689
-103.79547984
174.61494337
-32.20976979
-179.41310342
-38.73700073
-175.61600179
-27.89236474
-43.57881915
153.83496406
-45.95263471
56.53916293
-43.67216179
-132.94202223
-165.84798206
69.21902081
107.29480435
-75.51693053
144.58131554
149.56923177
91.313156
-137.11925976
-90.00563885
7.83023195
97.94779536
160.78103872
80.32361745
-98.28374292
156.61156803
-170.7787125
-29.99882971
-109.05799806
-17.50470172
-148.91650249
38.2463739
144.64674482
-62.87374267
65.21192182
-63.37144375
-135.68283875
127.87966244
103.29381108
-92.29984709

