50.24115492
-11.46626085
38.47751274
3.54271878
22.02274678
-21.03542776
37.72192991
-9.89147189
60.97806871
45.09476708
5.60392767
50.77364029
-6.06407025
35.44466069
48.5774374
45.1188042
-27.98726308
3.91609553
41.45501351
43.6617302
-34.89592189
-50.99757351
-15.80889191
31.75488025
45.50843805
-46.95204615
12.72201989
37.17550917
3.86872118
-40.78735438
-4.19538564
-47.748341
-48.04887289
-46.57693252
2.53961131
-20.75180093
20.91948934
-24.73281123
39.04109487
-64.60117427
3.95946871
-74.00052027
-46.52055615
-45.42492943
63.55779036
12.76814261
31.50524266
-4.08985745
-48.31960976
69.04582053
-41.20074542
58.60168566
17.69950614
27.84715824
-5.05714366
-11.91500291
33.95312087
53.999471
-41.30497306
-44.13706038
-0.19466923
-40.16937882
7.23488789
-16.63444868
-17.51771564
10.80112313
6.31346059
-43.35660486
-7.28989872
4.50557531
59.25273734
-33.59129939
-52.52510332
-54.31071493
-42.57642202
-15.36183034
25.38758837
-13.53104496
-18.71269998
-24.33838503
88.11627485
15.14205617
-30.71721986
35.65838245
20.10831129
58.33874468
58.50494541
-10.69136886
-20.57045661
12.94685025
46.39687373
-16.60964327
-8.07699993
-38.39887427
-52.77659652
54.37449447
-23.20747083
2.36927383
-25.68714455
12.89568107
-50.76752837
52.44645909
-8.52524658
-11.96814078
24.11029013
19.80730669
21.79064544
-0.92659373
39.08729787
-18.66054738
23.1317888
-34.30265988
16.36363932
-30.52421775
8.12310301
-44.50993136
19.5582672
38.62345478
13.82169998
14.01356063
5.95748468
44.51968072
46.35643627
-60.10546068
-42.64769945
13.99318659
45.18349721
-57.47710477
73.48333835
-76.49696761
75.78790011
57.60209315
39.16067994
-6.59943878
22.18337898
10.21150368
-8.55090889
-26.73158165
-51.19055534
55.30202
-63.98192978
5.84370344
39.85355338
33.7633202
-34.33795234
-19.8273525
-42.19848582
49.55954354
-13.75739302
24.33841295
-10.01566771
-25.98893733
-45.30154417
3.04662716
-45.57833643
25.06995188
73.55632552
59.42273077
-62.31655932
-13.51162445
11.23034642
70.38601865
-19.17576617
-76.36429588
17.91436985
-39.81946835
33.17046784
-35.45567635
-60.27365339
-19.76398953
23.13747196
-26.85530781
78.36593895
10.3433601
28.80977311
41.07656546
22.41449144
53.75402984
-20.40881983
-54.52495605
-10.03919592
35.72265556
-20.27267674
-45.86303152
63.13004696
-7.65951102
61.22634735
19.45742158
-8.59688981
-40.40491881
55.60200502
27.52070791
40.78783315
26.76904655
11.45015061
14.51516981
13.2960865
46.52480341
-72.7203039
57.54479278
3.58962398
-26.48475228
-28.38023659
-34.60760233
-41.09364452
21.52434182
49.05280135
-64.58314432
-7.13611522
-5.54596272
5.07067135
50.49147047
39.82700808
88.22119483
68.08657402
-16.36454054
-24.65249754
-32.52804211
-56.24450986
-20.85233529
24.89524279
-35.60169354
-37.44774961
36.8336819
13.56637822
-18.25487512
27.81946591
27.48207368
-10.79899438
-87.39448352
33.45884188
7.12147986
-21.62502908
14.37999589
-23.48414652
67.01514966
-50.76518083
-40.62185274
-39.52107621
-46.93932171
-0.23010372
5.82558133
67.30064891
29.18593575
34.85521414
40.31080481
12.0212218
-57.52086992
-22.02853449
25.14718303
-29.07927611
-56.95458724
-36.24056151
-29.13965711
-59.59963153
-13.1939308
-0.13820194
42.25097954
-11.0697618
49.92226502
-54.97168955
42.94589731
13.12985589
-48.34427793
54.72602459
30.94406103
-38.54700438
80.54353583
24.14062632
-39.58406815
67.02357793
5.60556671
21.90832198
-72.36908064
72.91806022
-12.75673139
34.75580265
-1.73169815
5.47407682
-21.98163169
-50.51661595
-22.44274836
0.59698395
-0.51455784
-57.71409967
-35.13552423
81.9020967
58.58105383
9.61504341
13.36509248
12.30481172
-61.93758374
58.52668671
-82.99368227
-28.83115243
-27.38867302
47.46702218
-0.76448546
0.65077683
28.24153385
-64.52532114
-68.71125068
-22.6178042
56.47708362
1.21605122
29.04508122
-27.66104075
-73.6484542
22.24538338
27.87802035
-5.7173995
5.58878583
74.32919122
-38.9945282
-58.79542084
19.39663792
43.07609475
21.26708497
-20.8507602
-57.67876033
72.43124546
22.88252932
67.41134074
12.94715788
61.01369225
-2.68074371
-22.03599619
-55.89782343
37.30080333
-33.23795092
-50.62089934
38.87824592
-28.19620329
-7.08110181
-35.15727152
-25.11901756
31.09420905
43.53217898
-81.29142026
11.33410854
-34.3997387
13.46719405
-14.35193079
23.19001706
-39.57179835
-54.87716499
88.03403023
-45.84633427
11.09887443
7.78163338
-43.60009699
-16.32973932
33.62015493
-39.72314409
27.55204721
-11.06547546
-33.45947265
45.1447909
53.013269
11.59099296
67.57674905
-11.53548198
11.73846469
-2.81511088
-25.34933528
42.60536242
40.19442829
-0.34711462
55.67115492
-0.5678145
28.31007092
42.28107099
-56.74015201
-3.2516663
13.01141958
10.30743649
7.61763996
-1.40110049
17.6208979
2.48397596
3.45457335
-11.73490296
4.88358508
-44.45678175
-17.42845035
46.12771732
-27.63758473
-11.17869844
-24.18626348
47.25762625
35.30831068
14.84762943
-8.85799824
-26.37289221
-24.85297968
67.26079689
33.46135977
35.01920846
42.16766584
-17.89460785
-28.00867706
-27.9901209
-60.28800587
16.76529397
42.78931656
-5.41331616
36.0703855
-40.80560797
63.05629004
-15.07440891
-35.92623584
22.46662391
-76.17157504
63.60240139
31.65994551
-49.69984254
-43.39176909
68.24911569
7.9590665
-49.09476064
-27.08499414
37.54366677
55.4726492
-22.80982692
23.63335492
-0.45384059
0.49223727
-67.05462467
-25.96143779
-12.56431578
15.44838169
-16.38948794
-30.66970181
58.77472235
-35.28589154
5.96677568
-35.12223484
-25.36270729
-21.13906852
-4.25631465
-54.58794318
71.71538558
23.39439083
-28.85140201
70.10450964
-62.49198205
-61.18242751
10.05285293
-59.58726342
-64.23862201
-20.58590734
-25.16111148
39.53176434
-26.26741211
-39.96957263
11.78468221
57.77108994
-2.05961501
4.01790868
51.41871691
-62.55105782
-20.88163442
18.59345389
-35.5665314
-37.18646175
-9.30730206
-33.68527364
-18.94532707
4.49175475
-13.06897407
6.92248396
-27.32022836
19.61738739
-24.45383963
-10.76683749
49.95767561
46.96680106
63.80854887
-50.62868024
15.74470806
19.8026196
-11.51235078
30.15049166
60.10280566
40.31234222
-47.79889473
-14.06862762
-24.41012644
-14.0274657
-3.25445387
58.20294829
40.19398669
-28.24376492
24.60435121
6.33450801
16.34691631
56.91061825
-42.46923498
24.59831714
27.78321905
-23.89228128
-42.79026402
-23.08215326
-18.7531164
-10.22443848
48.82372732
23.78988867
-36.65910789
-28.86082082
-48.77926295
11.11974065
72.38957107
-54.22902579
-49.65498512
29.01150088
42.43148913
-66.82214391
69.85880172
-30.54113115
-41.95303557
-54.08835493
-16.7822265
-24.29841424
37.63013926
-11.17768323
34.16702152
-42.64400846
5.51606604
-40.83382823
11.39571361
3.53298163
20.8279077
-14.04648514
-13.58639207
-26.88795503
50.27412631
-44.70054827
12.17682493
17.27723064
22.05226373
15.94407364
48.85000454
-2.83329759
42.87375029
-20.48156336
-50.02454659
-39.30057196
13.81640841
30.49717712
33.20870961
-1.42235884
23.722011
-1.18448231
25.6044824
30.61975824
64.41411251
23.82622345
-27.67564906
47.15503851
37.36921126
68.66481313
-65.12981052
-24.05255487
23.15162436
-13.74804807
21.99388706
62.01540629
-19.19628228
-85.05242321
65.67636726
43.66474302
49.21644789
-10.14478127
32.25181945
21.59915045
60.14948116
-15.99333274
-19.34868983
-52.77597228
54.26131666
27.43258183
-43.58551244
-27.4314479
-31.57011619
24.21391279
14.52215467
2.16622588
-9.0013993
28.15823717
23.63199666
26.11408531
39.46296239
15.28116475
46.47491014
-63.47866487
17.1956629
-0.81189936
-78.47299126
-49.50569673
-7.65167884
-65.07835127
-11.98171951
-64.25263872
-0.05716569
-15.54451509
9.94214967
8.27987659
-41.78811482
-32.55161682
-28.25373144
-67.15157911
-60.06582798
41.98715648
6.71907725
-2.75783793
20.17368732
-39.19937134
-32.47165327
-40.98255852
51.25925016
68.97537862
-6.59657962
5.68497085
1.72152234
-36.40310299
41.0554819
-58.40713034
68.01869656
-27.45885724
42.01864287
81.38260183
35.71273763
-2.62017131
-74.93167228
-1.50308983
-0.90971916
2.77367957
13.40607927
-2.53725099
-4.3948326
-31.41702171
-33.13546261
17.34958457
-24.8784859
28.6111682
-37.97052507
-2.55395886
-79.47001444
7.15912766
-3.36255837
31.10199958
26.25690767
9.11677052
-36.27984603
2.70783443
-2.53070704
-39.43849845
26.62260656
-65.09347871
-81.2655176
1.3272058
-80.10031218
15.47657585
-32.72663245
56.26801498
62.68695931
-27.82041412
15.90756098
1.87007848
0.16445535
2.20583208
-39.44337218
-5.39427602
-29.64383807
25.53960038
-32.52948902
29.08774449
11.47634937
-55.75324594
73.29802436
-10.81095589
-28.24050633
-11.61171682
2.27852767
56.03849003
0.14789799
-6.79133096
-19.50960928
-36.68396562
-5.61183885
13.18324717
24.22137041
-52.76290379
6.82053161
-65.03751442
-39.21767495
6.95191997
16.03984047
-29.74205426
-8.0195312
57.05645144
12.8802044
-7.51867412
-14.0938636
-49.99060162
-55.0518476
3.78983452
-21.05458231
29.92975076
-18.0689309
-52.80138378
45.19990227
-49.48094278
-36.81167226
50.24632386
70.527933
-69.76530743
52.91554963
-33.41388774
18.42115287
-57.2343501
-57.11050353
0.44484365
-73.74186993
-17.53882004
33.17430232
14.9754147
-8.49378663
-26.34132138
43.65961824
-19.63036861
-17.01529022
-21.9515795
1.33555836
-22.91863049
6.25741191
57.31048185
-14.39839271
53.35577009
52.63884685
14.73263637
38.46561819
24.58976141
2.72942556
-60.59023457
-40.17898617
3.87502022
-24.27871569
-11.04874897
-52.08338852
10.90916658
38.58176894
-57.47381146
-16.4191583
6.70761629
84.23217621
0.76075895
24.62250421
-33.04853192
-3.15816872
-11.94666781
37.20106069
-6.28768181
-41.22036711
62.04105277
7.18275205
2.78716088
64.91638387
-36.76818455
-82.7687995
6.79982394
-25.14489711
-81.10046094
-44.39211496
19.62099128
24.49342465
-61.71828767
2.01718762
-15.37436253
12.59575667
-15.43845469
9.87626679
56.59295313
-7.53213064
13.84384782
-82.20801526
-18.90178039
40.08610302
64.78799405
46.55329982
-28.64768037
1.38107521
-43.27215792
-56.55418026
46.34443554
1.03194384
11.91815183
-76.84899865
19.48056535
13.83969186
-35.4225052
-66.66317781
0.42858503
14.8880097
-32.30830435
-27.0954697
-3.85527244
27.56198973
-14.44844594
-17.65698544
-12.28312229
-22.46126233
6.76828099
-59.95958673
29.94499176
-39.60504432
27.80290973
-45.33907625
-35.78008947
8.7609552
38.67083234
-62.30856942
-28.72250129
-0.69941353
58.36436945
3.07766497
-3.42085668
46.37847182
-25.11459107
-32.33787665
27.29401676
-37.32052568
18.73882373
-65.88324116
16.44130333
-81.34503737
14.35793727
-33.74397468
48.31615039
49.87399567
-33.70266307
-7.0427865
-42.71534844
-26.56749807
-51.85155113
27.82322926
12.69367449
48.46163821
17.15853968
7.24839191
-18.55879042
17.33406941
-12.23827164
44.69970165
55.25314465
41.86597523
-16.85854107
-20.61940659
-33.68542422
-3.97855573
-29.99917764
61.89831022
61.71584662
-55.51868268
11.72220472
9.96634321
6.66271281
55.79558605
-9.90196704
-2.43941609
-10.65993377
18.23947698
-55.41667818
-11.19993486
20.93945265
-63.57984926
9.04007042
59.93969422
30.24708611
-36.103543
-23.17000423
-53.53095584
-35.89969013
49.86066225
13.63924145
-7.11054084
46.98563605
76.07234996
24.59098163
-63.65542923
-7.06005636
-19.15238382
62.99967564
15.02009383
16.3092604
59.18031278
18.49856349
4.62432892
-21.02814794
-23.50962164
39.7027943
29.57959518
42.51273705
-26.96659846
41.37454562
-3.04963233
6.11944322
34.16377044
34.54157225
14.41473822
8.57202256
53.8054315
4.92144728
49.98240788
-3.06191182
25.09586131
4.05089631
48.82728332
69.23627075
4.35790407
-43.04361876
-77.50848716
-54.8135392
66.80743092
-77.58240088
-32.38065196
-24.09868542
-27.26690249
51.23829708
-6.86999305
0.91707962
45.36861501
38.76878352
38.38169691
31.6192562
-31.98134409
-49.18792967
3.80106298
40.65965764
33.7109877
-20.46094506
-78.65404011
-39.80926718
27.09955741
-7.5188395
27.28911972
21.18313497
-11.3404356
37.47404175
32.29620301
-44.57135182
25.86299865
17.68485679
-34.49404625
50.06120898
-15.38220729
42.77963263
19.79711262
-16.26974229
-31.0376808
-55.62899383
12.96429842
-33.66962538
59.48591365
6.97094235
-12.79588772
52.07014692
-56.42563906
4.64793546
-48.33455439
14.55200258
-82.29361642
11.00637036
2.23191122
-43.01335817
-68.47750896
-76.35179417
27.56351441
-37.35634083
46.13029029
25.62566053
-63.38051236
-55.29324471
30.34345424
70.12984871
-52.08506791
15.67953395
35.54197949
8.58766084
32.6289882
52.28556601
-15.72484981
13.63316415
-64.38191623
-57.7079255
-18.537717
13.67420809
56.50295554
-68.2455517
-65.93041598

