1 0.106749
2 0.102565
3 0.105575
4 0.119251
5 0.107457
6 0.103572
7 0.097662
8 0.097364
9 0.142363
10 0.096231
11 0.109182
12 0.097088
13 0.096289
14 0.103489
15 0.100401
16 0.101579
17 0.098142
18 0.100451
19 0.100173
20 0.099748
21 0.101815
22 0.100027
23 0.102091
24 0.09867
25 0.105461
26 0.0989
27 0.137722
28 0.092419
29 0.098604
30 0.109756
31 0.098699
32 0.093702
33 0.099702
34 0.097916
35 0.100422
36 0.094793
37 0.111025
38 0.099643
39 0.099457
40 0.101074
41 0.104066
42 0.10314
43 0.103366
44 0.095661
45 0.09682
46 0.096812
47 0.133813
48 0.09671
49 0.105362
50 0.107818
51 0.099658
52 0.104773
53 0.105582
54 0.098129
55 0.101634
56 0.101663
57 0.099312
58 0.10188
59 0.097127
60 0.097761
61 0.100008
62 0.09753
63 0.101325
64 0.092629
65 0.096284
66 0.100373
67 0.10024
68 0.096755
69 0.102846
70 0.09373
71 0.098629
72 0.098104
73 0.096985
74 0.104588
75 0.09669
76 0.095915
77 0.098348
78 0.10072
79 0.099215
80 0.107202
81 0.102598
82 0.098424
83 0.093683
84 0.095801
85 0.097119
86 0.101439
87 0.097173
88 0.093017
89 0.100329
90 0.096094
91 0.094909
92 0.098684
93 0.100296
94 0.103084
95 0.101201
96 0.093662
97 0.100991
98 0.102518
99 0.099846
100 0.099774
101 0.092427
102 0.088556
103 0.09878
104 0.095121
105 0.093806
106 0.101282
107 0.102536
108 0.101955
109 0.095647
110 0.097701
111 0.101169
112 0.104268
113 0.088388
114 0.102298
115 0.100357
116 0.099175
117 0.094931
118 0.100796
119 0.101444
120 0.09343
121 0.091149
122 0.095062
123 0.097866
124 0.106387
125 0.128699
126 0.099282
127 0.097826
128 0.115394
129 0.105806
130 0.114375
131 0.093371
132 0.100484
133 0.098709
134 0.126604
135 0.099057
136 0.095363
137 0.09381
138 0.098741
139 0.098031
140 0.094759
141 0.094784
142 0.099051
143 0.098076
144 0.103393
145 0.099509
146 0.103821
147 0.095028
148 0.100775
149 0.091289
150 0.089531
151 0.096948
152 0.091766
153 0.088971
154 0.121716
155 0.096935
156 0.09265
157 0.124932
158 0.103667
159 0.098581
160 0.09953
161 0.09891
162 0.102469
163 0.100258
164 0.104452
165 0.089936
166 0.100871
167 0.107913
168 0.10509
169 0.123214
170 0.118246
171 0.100786
172 0.093272
173 0.10943
174 0.088986
175 0.098483
176 0.096729
177 0.106578
178 0.125926
179 0.100088
180 0.115021
181 0.084945
182 0.11011
183 0.094142
184 0.106459
185 0.090432
186 0.116436
187 0.093639
188 0.089374
189 0.087972
190 0.092431
191 0.095086
192 0.109525
193 0.099428
194 0.094122
195 0.090826
196 0.116258
197 0.096049
198 0.086583
199 0.105778
200 0.112275
201 0.140106
202 0.136441
203 0.103782
204 0.101034
205 0.093184
206 0.10265
207 0.092685
208 0.097571
209 0.114433
210 0.08918
211 0.094736
212 0.101104
213 0.0928
214 0.095712
215 0.12045
216 0.089557
217 0.098356
218 0.088853
219 0.134711
220 0.092831
221 0.094063
222 0.090487
223 0.093907
224 0.100937
225 0.091921
226 0.098125
227 0.096663
228 0.089782
229 0.08815
230 0.121195
231 0.092053
232 0.101786
233 0.097782
234 0.091939
235 0.121602
236 0.09101
237 0.104527
238 0.089633
239 0.137367
240 0.130465
241 0.100337
242 0.102346
243 0.090793
244 0.093411
245 0.112935
246 0.10031
247 0.089879
248 0.141168
249 0.100126
250 0.104939
251 0.089491
252 0.091403
253 0.137042
254 0.122075
255 0.085119
256 0.118674
257 0.132189
258 0.103632
259 0.099513
260 0.10378
261 0.106065
262 0.101083
263 0.108389
264 0.102
265 0.096576
266 0.097145
267 0.093324
268 0.098766
269 0.087232
270 0.085868
271 0.095284
272 0.11418
273 0.124001
274 0.096626
275 0.100139
276 0.102327
277 0.092805
278 0.099191
279 0.085504
280 0.097553
281 0.101058
282 0.094437
283 0.106793
284 0.099949
285 0.105172
286 0.099737
287 0.099412
288 0.102917
289 0.108184
290 0.102904
291 0.087718
292 0.08794
293 0.099827
294 0.105593
295 0.090545
296 0.104118
297 0.139869
298 0.094933
299 0.133594
300 0.125903
301 0.097289
302 0.10605
303 0.098339
304 0.09927
305 0.099357
306 0.102436
307 0.09429
308 0.090025
309 0.102476
310 0.099024
311 0.098665
312 0.098251
313 0.106618
314 0.095605
315 0.101694
316 0.095879
317 0.09934
318 0.100688
319 0.091674
320 0.11922
321 0.099308
322 0.097125
323 0.101465
324 0.09749
325 0.092347
326 0.100841
327 0.094083
328 0.103069
329 0.09715
330 0.109028
331 0.092787
332 0.096287
333 0.098039
334 0.112728
335 0.106374
336 0.103022
337 0.095354
338 0.103738
339 0.104706
340 0.102507
341 0.099712
342 0.09932
343 0.107394
344 0.093889
345 0.103075
346 0.10402
347 0.096962
348 0.097662
349 0.097012
350 0.095935
351 0.103931
352 0.098921
353 0.099489
354 0.099764
355 0.101351
356 0.10083
357 0.096115
358 0.093159
359 0.095838
360 0.098761
361 0.095241
362 0.093605
363 0.093555
364 0.100286
365 0.103325
366 0.096681
367 0.096214
368 0.103545
369 0.093586
370 0.09932
371 0.099418
372 0.094432
373 0.099809
374 0.099278
375 0.102008
376 0.096218
377 0.100375
378 0.09389
379 0.099682
380 0.097174
381 0.095252
382 0.094448
383 0.093866
384 0.096819
385 0.095331
386 0.099033
387 0.102073
388 0.095492
389 0.097535
390 0.099013
391 0.094295
392 0.093103
393 0.098777
394 0.100012
395 0.092831
396 0.092528
397 0.099367
398 0.103798
399 0.096007
400 0.102682
401 0.09973
402 0.099923
403 0.097811
404 0.102091
405 0.099868
406 0.099644
407 0.099227
408 0.100984
409 0.100779
410 0.100808
411 0.100108
412 0.098431
413 0.100684
414 0.102453
415 0.102453
416 0.097198
417 0.091854
418 0.099844
419 0.09569
420 0.102131
421 0.102891
422 0.10188
423 0.093198
424 0.090323
425 0.101263
426 0.099204
427 0.097728
428 0.097063
429 0.096041
430 0.093416
431 0.100261
432 0.098066
433 0.092442
434 0.097061
435 0.095869
436 0.104754
437 0.124576
438 0.098449
439 0.106988
440 0.097654
441 0.098755
442 0.099863
443 0.109455
444 0.128187
445 0.101312
446 0.093537
447 0.105191
448 0.100086
449 0.100416
450 0.101328
451 0.09437
452 0.095164
453 0.097744
454 0.100952
455 0.100035
456 0.096671
457 0.101251
458 0.095135
459 0.103501
460 0.098657
461 0.102019
462 0.10253
463 0.093273
464 0.096717
465 0.100382
466 0.099607
467 0.101259
468 0.092873
469 0.100285
470 0.105152
471 0.100222
472 0.101947
473 0.10052
474 0.097166
475 0.095938
476 0.121616
477 0.107736
478 0.107655
479 0.103312
480 0.096812
481 0.101296
482 0.101028
483 0.101555
484 0.098148
485 0.09853
486 0.098867
487 0.095122
488 0.104817
489 0.093089
490 0.094603
491 0.101115
492 0.101288
493 0.097198
494 0.099944
495 0.108982
496 0.112405
497 0.100395
498 0.094425
499 0.107408
500 0.094973
501 0.128671
502 0.100841
503 0.099315
504 0.101186
505 0.100431
506 0.098384
507 0.104196
508 0.102403
509 0.092925
510 0.101404
511 0.107565
512 0.097005
513 0.09492
514 0.100523
515 0.093752
516 0.097035
517 0.088536
518 0.093898
519 0.102773
520 0.100429
521 0.096583
522 0.096428
523 0.093468
524 0.094328
525 0.094793
526 0.10077
527 0.102967
528 0.100686
529 0.092765
530 0.11247
531 0.116196
532 0.106113
533 0.098671
534 0.090531
535 0.100484
536 0.116007
537 0.105681
538 0.096415
539 0.095947
540 0.098511
541 0.094982
542 0.096887
543 0.100843
544 0.098571
545 0.096746
546 0.093195
547 0.096411
548 0.09388
549 0.102864
550 0.122677
551 0.135053
552 0.10062
553 0.103902
554 0.101366
555 0.102113
556 0.099067
557 0.1029
558 0.090936
559 0.11455
560 0.114991
561 0.096603
562 0.093675
563 0.09426
564 0.097198
565 0.093565
566 0.137725
567 0.136917
568 0.137063
569 0.101808
570 0.08998
571 0.114568
572 0.097625
573 0.125019
574 0.089483
575 0.090282
576 0.094941
577 0.08593
578 0.086562
579 0.08647
580 0.094622
581 0.090262
582 0.089336
583 0.138108
584 0.095776
585 0.090837
586 0.097362
587 0.089332
588 0.089612
589 0.101152
590 0.102216
591 0.097499
592 0.102775
593 0.103329
594 0.09127
595 0.121652
596 0.118259
597 0.100261
598 0.096234
599 0.107199
600 0.109515
601 0.103502
602 0.098739
603 0.087969
604 0.095461
605 0.097805
606 0.098784
607 0.09352
608 0.10633
609 0.093343
610 0.096453
611 0.097002
612 0.098441
613 0.094231
614 0.098431
615 0.099246
616 0.102205
617 0.089998
618 0.103533
619 0.09107
620 0.10061
621 0.096923
622 0.098285
623 0.09671
624 0.10366
625 0.12973
626 0.130186
627 0.097542
628 0.097359
629 0.096133
630 0.100606
631 0.097852
632 0.099868
633 0.107689
634 0.095944
635 0.104631
636 0.107534
637 0.099627
638 0.091126
639 0.093859
640 0.098385
641 0.102108
642 0.125549
643 0.094645
644 0.107847
645 0.099495
646 0.100351
647 0.098078
648 0.100491
649 0.099983
650 0.096612
651 0.093999
652 0.097672
653 0.099844
654 0.132891
655 0.098362
656 0.095086
657 0.086358
658 0.096672
659 0.091703
660 0.106707
661 0.091288
662 0.088194
663 0.092601
664 0.138508
665 0.106797
666 0.092051
667 0.129382
668 0.099751
669 0.093089
670 0.112496
671 0.09518
672 0.10737
673 0.136763
674 0.146792
675 0.091148
676 0.099288
677 0.094286
678 0.106373
679 0.092545
680 0.103296
681 0.116633
682 0.088889
683 0.08829
684 0.091231
685 0.088476
686 0.086261
687 0.094569
688 0.101179
689 0.093901
690 0.101751
691 0.099146
692 0.100292
693 0.100839
694 0.104727
695 0.090486
696 0.096314
697 0.093024
698 0.10266
699 0.094782
700 0.0882
701 0.097841
702 0.096995
703 0.095978
704 0.100113
705 0.096277
706 0.099095
707 0.096594
708 0.088254
709 0.094998
710 0.11625
711 0.097001
712 0.098301
713 0.100411
714 0.094819
715 0.09806
716 0.095336
717 0.100605
718 0.101868
719 0.093007
720 0.102634
721 0.099104
722 0.107117
723 0.101515
724 0.104286
725 0.094338
726 0.096552
727 0.096998
728 0.096313
729 0.096642
730 0.094929
731 0.102012
732 0.095404
733 0.099002
734 0.10587
735 0.09864
736 0.096771
737 0.100589
738 0.101139
739 0.094811
740 0.096835
741 0.106503
742 0.094872
743 0.096849
744 0.094799
745 0.093463
746 0.100476
747 0.099354
748 0.099499
749 0.100178
750 0.100719
751 0.100854
752 0.092658
753 0.100253
754 0.102966
755 0.102906
756 0.100671
757 0.097491
758 0.092546
759 0.101182
760 0.097663
761 0.101711
762 0.09636
763 0.097433
764 0.100127
765 0.096215
766 0.094757
767 0.100283
768 0.101895
769 0.098344
770 0.100942
771 0.096736
772 0.09711
773 0.094032
774 0.099105
775 0.10345
776 0.10379
777 0.103949
778 0.103628
779 0.101955
780 0.099121
781 0.092635
782 0.094682
783 0.105126
784 0.101915
785 0.095002
786 0.094834
787 0.098653
788 0.099042
789 0.10178
790 0.099162
791 0.099433
792 0.098116
793 0.096059
794 0.095571
795 0.098125
796 0.096727
797 0.094526
798 0.103503
799 0.098163
800 0.095233
801 0.093278
802 0.101015
803 0.099936
804 0.09188
805 0.093186
806 0.097923
807 0.098702
808 0.093427
809 0.10566
810 0.099454
811 0.104812
812 0.121602
813 0.099973
814 0.091682
815 0.096703
816 0.092965
817 0.097894
818 0.103925
819 0.099102
820 0.097019
821 0.095157
822 0.104795
823 0.103403
824 0.09505
825 0.093788
826 0.094489
827 0.096963
828 0.09354
829 0.098861
830 0.1035
831 0.089665
832 0.100824
833 0.095558
834 0.106438
835 0.096897
836 0.095801
837 0.102609
838 0.095736
839 0.098503
840 0.10011
841 0.09877
842 0.091978
843 0.119523
844 0.101203
845 0.100338
846 0.100335
847 0.091451
848 0.094692
849 0.09546
850 0.098938
851 0.102814
852 0.101139
853 0.096322
854 0.095969
855 0.097471
856 0.095482
857 0.10011
858 0.095075
859 0.103033
860 0.094947
861 0.101082
862 0.093913
863 0.09885
864 0.100662
865 0.09811
866 0.09179
867 0.103432
868 0.096956
869 0.10136
870 0.091417
871 0.10932
872 0.092831
873 0.090168
874 0.097126
875 0.090945
876 0.092787
877 0.095873
878 0.0931
879 0.099459
880 0.102851
881 0.089601
882 0.091285
883 0.10084
884 0.095497
885 0.092587
886 0.101617
887 0.099151
888 0.09808
889 0.099896
890 0.098473
891 0.09776
892 0.098597
893 0.097023
894 0.097042
895 0.096118
896 0.098131
897 0.09824
898 0.092268
899 0.102192
900 0.100024
901 0.101189
902 0.097067
903 0.09844
904 0.095595
905 0.096899
906 0.09065
907 0.097622
908 0.097658
909 0.098841
910 0.098536
911 0.098662
912 0.103124
913 0.098218
914 0.099925
915 0.094079
916 0.103423
917 0.09875
918 0.094102
919 0.09497
920 0.100259
921 0.098039
922 0.103225
923 0.095409
924 0.102482
925 0.101766
926 0.09942
927 0.101169
928 0.096737
929 0.101167
930 0.10077
931 0.096027
932 0.095191
933 0.099836
934 0.099041
935 0.092883
936 0.09583
937 0.092641
938 0.100316
939 0.094162
940 0.090434
941 0.100735
942 0.097916
943 0.097626
944 0.09629
945 0.09008
946 0.096649
947 0.095755
948 0.095907
949 0.097365
950 0.098058
951 0.097087
952 0.097969
953 0.093015
954 0.101315
955 0.096535
956 0.127727
957 0.091574
958 0.094679
959 0.096308
960 0.092671
961 0.101616
962 0.101374
963 0.096233
964 0.100676
965 0.09827
966 0.092971
967 0.098038
968 0.103395
969 0.099278
970 0.111438
971 0.098484
972 0.103863
973 0.093518
974 0.094577
975 0.093062
976 0.100224
977 0.095571
978 0.096325
979 0.106118
980 0.09708
981 0.098398
982 0.098174
983 0.095237
984 0.096332
985 0.095291
986 0.094903
987 0.099729
988 0.095417
989 0.098431
990 0.096036
991 0.103856
992 0.097889
993 0.09201
994 0.104113
995 0.101215
996 0.095647
997 0.094029
998 0.099647
999 0.102003
1000 0.095213
