44.45455529
44.45524137
44.46076039
44.45656448
44.44810983
44.46365921
44.44948111
44.46119864
44.45690192
44.45513171
44.45392733
44.44822994
44.45605709
44.45061022
44.46098266
44.46201831
44.45212263
44.4494867
44.45515228
44.45937527
44.46362041
44.4584014
44.45466611
44.4569251
44.45335622
44.46111704
44.4615409
44.45432812
44.44925077
44.45723337
44.45974521
44.45901905
44.45672552
44.45376131
44.45012321
44.45608882
44.45780523
44.45737518
44.45435772
44.45907714
44.45104946
44.45112023
44.45890586
44.44968862
44.45197308
44.46031806
44.45030448
44.45680754
44.44802622
44.44692909
44.46017536
44.45090781
44.46304767
44.46068924
44.46200334
44.4470336
44.45264682
44.44749989
44.45691071
44.45467671
44.46254185
44.45812639
44.45390155
44.44768793
44.44662947
44.46327418
44.45839312
44.45541205
44.44699434
44.45993922
44.45830354
44.45866264
44.46078761
44.45612784
44.455974
44.45982795
44.45522517
44.45408535
44.45919459
44.45644579
44.45180384
44.45537157
44.45647059
44.46040898
44.45236604
44.45671547
44.45264436
44.45609644
44.45612187
44.45002642
44.45726398
44.45532248
44.45439495
44.45372868
44.45170946
44.45197587
44.46114865
44.45253111
44.46234474
44.44926993
44.45909497
44.4528594
44.45442835
44.45447375
44.45125444
44.46061335
44.4483793
44.45851057
44.45744737
44.46386519
44.45085267
44.45879522
44.45632601
44.44851025
44.45179634
44.45628774
44.46191487
44.46032117
44.45976298
44.45352398
44.46217415
44.45639566
44.45195694
44.4528647
44.46153035
44.45275197
44.45350158
44.45964876
44.45447507
44.46267985
44.45220001
44.44889774
44.45621691
44.45223813
44.4589388
44.4501763
44.45731321
44.45492929
44.45255383
44.45486432
44.44673073
44.4604835
44.45402193
44.45304559
44.45224583
44.45495278
44.45067041
44.44907481
44.45330325
44.4607904
44.44775542
44.45832885
44.45411662
44.46154374
44.46117278
44.45185127
44.44975039
44.45749746
44.45873381
44.45573971
44.44796997
44.4477013
44.45394219
44.44984779
44.44705511
44.45933945
44.46151793
44.45790477
44.44710528
44.46133536
44.45792304
44.45695064
44.46141473
44.45602315
44.45306883
44.45487051
44.46301876
44.44709805
44.45436617
44.45297708
44.45349779
44.45472823
44.45291941
44.45333407
44.45581729
44.44886499
44.45619803
44.45697145
44.45350527
44.45121858
44.44851133
44.45218781
44.45883617
44.46203267
44.45087225
44.45824815
44.45421401
44.45116911
44.45209668
44.45459786
44.4521374
44.45351828
44.45488498
44.45859989
44.4616535
44.4482272
44.44992226
44.45865352
44.45478733
44.45699119
44.46349286
44.46000427
44.4630236
44.4515954
44.45494452
44.46052283
44.462947
44.45796486
44.46259203
44.44968006
44.45646875
44.44772978
44.45457592
44.45967581
44.45635003
44.45865413
44.45308943
44.45583161
44.44999982
44.45294192
44.45612154
44.45674301
44.46113501
44.45001654
44.45415572
44.45858319
44.44919538
44.46339795
44.44803401
44.46316084
44.45438282
44.45622616
44.44833047
44.45897215
44.44977183
44.44789099
44.45056162
44.46147436
44.46322624
44.45147716
44.45158964
44.44927786
44.45008223
44.45606607
44.44891421
44.44969501
44.44808165
44.45622116
44.45441516
44.45522157
44.45479515
44.45554933
44.45772531
44.45527169
44.46344212
44.45224487
44.45274612
44.45890744
44.46182517
44.453332
44.46047973
44.45817114
44.4527493
44.46386218
44.46200999
44.45446479
44.45134171
44.44920939
44.44745592
44.45157598
44.46196583
44.45094334
44.45772707
44.45193716
44.45383606
44.45498481
44.45673471
44.44930407
44.45335323
44.45049071
44.46211533
44.46131056
44.46283846
44.45387409
44.4576129
44.45616208
44.46208258
44.46158546
44.44888393
44.45145741
44.44635328
44.46282237
44.45697802
44.44959021
44.45069602
44.45416121
44.45976615
44.45340158
44.46230763
44.44944029
44.46159009
44.4551629
44.45357954
44.45989702
44.45861687
44.46050502
44.46020539
44.45309166
44.4571647
44.4481469
44.45156358
44.44930582
44.44978954
44.44953782
44.44988343
44.45786125
44.45876978
44.45263713
44.44621186
44.45209775
44.45165446
44.45379496
44.45650583
44.46107452
44.45698347
44.46336935
44.46254721
44.45513081
44.44877709
44.45498592
44.45404002
44.45851026
44.45622327
44.45597712
44.45626677
44.46222352
44.44833065
44.4539359
44.460069
44.46117793
44.45132377
44.45981104
44.44907979
44.44794242
44.4598967
44.45601512
44.45588981
44.45816718
44.4559665
44.45604116
44.45031958
44.46214317
44.4586464
44.45940729
44.45314004
44.44937602
44.45330169
44.45864856
44.45973879
44.45872003
44.46243214
44.45853005
44.45457581
44.45289565
44.46264947
44.46169757
44.44920794
44.45244319
44.46375546
44.45138659
44.45158642
44.46003406
44.45852638
44.44762067
44.45292113
44.44857447
44.46373991
44.46221833
44.4572716
44.45907201
44.45928622
44.46174931
44.45784495
44.45439841
44.44904388
44.45325972
44.45523627
44.45147276
44.45530311
44.45099854
44.45351637
44.45952994
44.44924797
44.45049075
44.45824155
44.46114568
44.44951304
44.4548561
44.44961128
44.45069696
44.45427507
44.45687572
44.4612205
44.45396137
44.45154302
44.44929527
44.44904197
44.44630447
44.45727206
44.44991936
44.44945348
44.45865688
44.4537013
44.44887902
44.46034722
44.46149258
44.45447061
44.45469166
44.45214901
44.44667315
44.45454142
44.45113797
44.45585089
44.45124702
44.45926678
44.45432024
44.45626966
44.45518423
44.45682785
44.4574576
44.45018275
44.45807735
44.459986
44.46272374
44.44945455
44.45049938
44.4598412
44.45430856
44.45868524
44.45680504
44.46031854
44.4524469
44.45521542
44.45469168
44.45193332
44.45525831
44.44876613
44.45006798
44.45078569
44.45571605
44.44642248
44.44941837
44.44682314
44.45552694
44.4510022
44.46095393
44.46192952
44.45931093
44.45582868
44.46158446
44.45805449
44.46171966
44.45153271
44.4521484
44.46105189
44.45103414
44.44971884
44.45603323
44.46255591
44.4560829
44.460704
44.44834129
44.4603211
44.45096852
44.45202267
44.44735795
44.45439803
44.45129958
44.46294954
44.46193243
44.45985838
44.45473576
44.46243264
44.46238183
44.45597903
44.45459374
44.45553745
44.4522078
44.45699652
44.45923112
44.4622158
44.45650028
44.44914676
44.44939081
44.45210038
44.46107257
44.45521355
44.45999768
44.45264913
44.44967492
44.44873272
44.45316223
44.44983455
44.46304615
44.45355876
44.45694173
44.44892222
44.46278992
44.46170403
44.46330025
44.46287698
44.45820944
44.4620235
44.45122686
44.45278468
44.45958958
44.45862868
44.45136745
44.46101599
44.45944413
44.45884473
44.46225888
44.45260155
44.45666005
44.45377025
44.45835907
44.44919753
44.4538444
44.46171098
44.44832274
44.45185892
44.45558447
44.45502031
44.44677416
44.45136168
44.44780307
44.45353333
44.45365379
44.46063536
44.46098015
44.45268356
44.45274799
44.45486874
44.45154719
44.45675077
44.45167484
44.45964714
44.44917754
44.4525352
44.45070023
44.4580068
44.4598931
44.45015828
44.4582194
44.4485788
44.45275748
44.44844576
44.45035417
44.45774209
44.46184372
44.4479074
44.45017403
44.45303582
44.45916161
44.46044556
44.45311198
44.45305798
44.45602707
44.44830322
44.45982966
44.45492743
44.46008715
44.45962575
44.45498597
44.45640089
44.4472006
44.45543876
44.4562227
44.45747644
44.4599675
44.45195811
44.45689887
44.45808799
44.46045413
44.45116054
44.4482091
44.45482174
44.45297072
44.45078139
44.45162865
44.44967355
44.4493133
44.45035815
44.46248516
44.44997091
44.45590723
44.45720976
44.45354827
44.46045772
44.46079593
44.45219965
44.46005436
44.4527638
44.45603732
44.451984
44.46189264
44.45707713
44.46021886
44.44886393
44.46062341
44.45712147
44.46036348
44.4593122
44.46003296
44.45494138
44.45754042
44.46233148
44.45444929
44.45485207
44.44692946
44.45427683
44.45295447
44.45386192
44.45736508
44.45977842
44.46039427
44.45161411
44.45751743
44.46122385
44.45757589
44.45592251
44.45896559
44.45204515
44.45369958
44.45106751
44.46181513
44.46018325
44.45641707
44.4600706
44.45998849
44.44750144
44.44847213
44.45805697
44.45112015
44.45773356
44.45964969
44.4598429
44.44727856
44.45716883
44.45571809
44.45430423
44.45234977
44.46006473
44.46077665
44.46339778
44.45287865
44.4601023
44.45169881
44.45318617
44.45933604
44.46060576
44.45736745
44.45869159
44.45587826
44.46208083
44.46188196
44.45861254
44.44958105
44.45739727
44.4625883
44.46169101
44.46086673
44.45946223
44.46313079
44.45204975
44.45703195
44.45135719
44.45913038
44.45095127
44.45035648
44.45101353
44.45771148
44.45159131
44.46296116
44.44904034
44.45527778
44.45418298
44.45288597
44.45376703
44.45361622
44.46078523
44.44922079
44.45817166
44.46051387
44.45816364
44.46097239
44.45270171
44.4576806
44.45903791
44.4489587
44.45749132
44.45934589
44.44670985
44.46127634
44.45120991
44.45806549
44.45062354
44.45891924
44.45961411
44.45882645
44.45660841
44.46190865
44.4617717
44.45627742
44.45613193
44.45572089
44.45228615
44.45046821
44.44911363
44.45934914
44.45839566
44.4593621
44.45716579
44.45246706
44.45461705
44.45839154
44.45467982
44.45775897
44.45510706
44.4614899
44.45551914
44.44839816
44.45851194
44.46244969
44.45758243
44.45459654
44.45537609
44.4599926
44.44814845
44.45500219
44.44783946
44.4529932
44.46240852
44.46356998
44.46103609
44.44734082
44.44696252
44.45462564
44.4499337
44.44984717
44.4502988
44.45458246
44.4629578
44.45701689
44.44998982
44.46035188
44.45145005
44.45957518
44.45446461
44.45409661
44.46130313
44.46225728
44.46040592
44.44621065
44.44733352
44.46321379
44.45254164
44.45098217
44.45035124
44.45335189
44.44864012
44.45677858
44.45103122
44.44618358
44.44701687
44.45568071
44.45778124
44.45672942
44.4596514
44.45679212
44.45707208
44.4599469
44.45530271
44.46124886
44.44697651
44.45860554
44.46196178
44.46265328
44.44876273
44.45518216
44.45635359
44.44912199
44.45146865
44.45060874
44.45876894
44.45181152
44.46228941
44.45929855
44.45221563
44.46311419
44.45612399
44.4482219
44.45064895
44.45359314
44.45409472
44.45461064
44.46130869
44.45684073
44.46297481
44.45517087
44.45619083
44.45598368
44.44791559
44.45451259
44.46018285
44.45852152
44.45025466
44.45623437
44.45494133
44.45118823
44.46264251
44.45673307
44.451436
44.44879605
44.45750616
44.45504861
44.45128807
44.45043646
44.45464037
44.45048695
44.4595085
44.45039627
44.44939271
44.44722275
44.46129942
44.44805396
44.44608735
44.46168321
44.45748994
44.4464166
44.45659442
44.45157078
44.46048153
44.45311791
44.45409091
44.45924923
44.4583097
44.45582849
44.45353975
44.46174447
44.44788439
44.46095307
44.45033794
44.45932096
44.45508946
44.4487849
44.44713962
44.45742947
44.44753204
44.46329941
44.45426168
44.44988913
44.44792027
44.45823285
44.44916577
44.45227024
44.45657947
44.44638659
44.45991321
44.45295017
44.45807469
44.45549781
44.4535173
44.44822204
44.46300412
44.45796902
44.44902435
44.45737051
44.45043699
44.45440484
44.45403083
44.44723235
44.4489943
44.45385221
44.45996638
44.4510268
44.44789867
44.45236541
44.45371635
44.46003077
44.45938472
44.45085717
44.45157328
44.44870477
44.45341375
44.44690046
44.45601237
44.45685717
44.45576001
44.44916159
44.44713728
44.45795597
44.45883214
44.46236587
44.4503083
44.45850746
44.45717772
44.45004404
44.46275916
44.45778592
44.44978611
44.44675474
44.4589103
44.45350922
44.45398328
44.45664374
44.45206559
44.45757577
44.45722469
44.45868827
44.45810744
44.45207742
44.45895146
44.45809847
44.45139804
44.45595772
44.46049465
44.45508574
44.45032199
44.45116027
44.45301495
44.45105688
44.45421324
44.4493334
44.45807144
44.45244879
44.46236993
44.45595925
44.45492915
44.46103326
44.45220375
44.46125298
44.46158035
44.45314484
44.45870734
44.45457826
44.45994699
44.46138636
44.45348333
44.44671508
44.44985821
44.4546122
44.46383447
44.44971894
44.45082896
44.4573546
44.45489672
44.45506068
44.44784254
44.4622714
44.45764274
44.45270937
44.45565966
44.45670423
44.45275679
44.45245791
44.45381612
44.44788481
44.45489602
44.44924358
44.46319368
44.45296714
44.45621845
44.45785958
44.45306623
44.44979402
44.46015668
44.45677179
44.45806574
44.46050992
44.45956269
44.4540736
44.45874696
44.45121983
44.44979666
44.45539892
44.45157539
44.45747263
44.46165377
44.45243373

