26.05659194
26.04334572
26.04398554
26.03746651
26.04775298
26.04717078
26.04280098
26.05641655
26.0411678
26.04990893
26.03925269
26.04497688
26.05697953
26.05760247
26.04104165
26.05328322
26.05187116
26.04680065
26.03555597
26.04665065
26.04513161
26.05887518
26.05778624
26.04071436
26.04759493
26.05621928
26.04548468
26.05295697
26.05284213
26.04523346
26.04693858
26.04250121
26.05759343
26.05769565
26.05208475
26.05958316
26.04540003
26.06002761
26.05812385
26.04213197
26.04278232
26.05056008
26.05481698
26.04062627
26.03636294
26.03857531
26.05676823
26.04446151
26.05084071
26.04859938
26.0535645
26.05772348
26.04239369
26.05731337
26.04597652
26.04705412
26.05792171
26.04935558
26.03851111
26.05246281
26.04684491
26.05480476
26.04094042
26.0413056
26.04896331
26.04391796
26.04802888
26.04424149
26.04719424
26.05651305
26.03941072
26.04572205
26.04572172
26.03783985
26.05949105
26.05001223
26.03984813
26.05211601
26.03993955
26.04221121
26.03625845
26.04429494
26.06005081
26.04483841
26.04071953
26.03970469
26.04085623
26.04620494
26.04918056
26.04046305
26.05357127
26.03967716
26.05127434
26.05223006
26.04708336
26.05053341
26.04886513
26.03907519
26.05028587
26.04650085
26.03824277
26.04326775
26.05686368
26.05555631
26.04506727
26.05089901
26.04462838
26.05832037
26.05367509
26.04719722
26.03918873
26.04451392
26.03872253
26.04574847
26.05516009
26.0601626
26.04307614
26.05365665
26.04826009
26.05277997
26.04422732
26.04662695
26.04113899
26.05076132
26.04860595
26.05583923
26.04280607
26.04677951
26.04073753
26.04951933
26.05236539
26.03961884
26.03644161
26.05108536
26.04982978
26.0390772
26.05940823
26.05165183
26.04961319
26.05496981
26.04731025
26.057246
26.05812196
26.05443207
26.05235072
26.03965973
26.03882248
26.05642708
26.03694884
26.04723465
26.04586887
26.03926568
26.03609592
26.05007328
26.05060957
26.05617118
26.04071029
26.05740972
26.05561227
26.04351461
26.05021983
26.05041651
26.0579708
26.04063693
26.04939756
26.05607514
26.05421107
26.05063797
26.05213311
26.04462698
26.03886932
26.03744117
26.05610912
26.05723268
26.05214025
26.03704546
26.04288663
26.04224697
26.05836173
26.04113096
26.05517821
26.04007491
26.03935587
26.05285478
26.05820207
26.04504108
26.05578244
26.03823458
26.05620273
26.04843938
26.04872202
26.04208687
26.03985109
26.04307844
26.0535494
26.0461544
26.05444001
26.05876633
26.04435854
26.05434224
26.04027765
26.0391762
26.05277866
26.04782811
26.04620539
26.05388337
26.04519432
26.04563742
26.0387439
26.03827276
26.05036345
26.04877922
26.0506946
26.04924191
26.04732197
26.04992772
26.04309537
26.05932928
26.05245391
26.05712746
26.03604696
26.04149517
26.0402282
26.05114035
26.06004012
26.05548598
26.04737004
26.05370858
26.04465322
26.05751487
26.04849956
26.04482093
26.0466554
26.04495106
26.03589142
26.05844455
26.04192597
26.04400515
26.04322001
26.04721561
26.04298
26.05330902
26.04625311
26.05792576
26.0575723
26.05443342
26.04683704
26.04732511
26.04638256
26.05723067
26.05101013
26.05371513
26.05611771
26.05386229
26.05640521
26.03960157
26.04254657
26.04915301
26.03607749
26.04070553
26.04118754
26.04676545
26.04809267
26.0479673
26.05002738
26.05627337
26.04488159
26.05481571
26.0478983
26.0464061
26.0414705
26.04089806
26.05161957
26.04867935
26.04207211
26.05096965
26.04501559
26.04943051
26.04175636
26.05770896
26.05123501
26.05746127
26.04484836
26.04775548
26.03586226
26.04197235
26.05286413
26.05113326
26.0494391
26.05783059
26.05128987
26.04252003
26.05346314
26.04748712
26.05022113
26.03652806
26.04820141
26.0494974
26.04433853
26.04405684
26.04587337
26.04722085
26.03589664
26.04139465
26.04052957
26.05987755
26.03999904
26.05681222
26.04145965
26.04668655
26.03949627
26.03999549
26.05418314
26.04936425
26.04375317
26.03990193
26.04162116
26.03706306
26.0517042
26.04783928
26.04235836
26.04854542
26.04871353
26.04761228
26.03970718
26.05575098
26.04253198
26.0510508
26.04841261
26.05220331
26.05187238
26.0467664
26.04288896
26.05472636
26.05914787
26.05226367
26.04219234
26.05906663
26.05077479
26.05388059
26.05658709
26.04201977
26.04323962
26.04763975
26.05959567
26.05282362
26.0533725
26.04148456
26.05117795
26.05564227
26.05185769
26.05748537
26.04585988
26.04163417
26.0433885
26.05737894
26.05189198
26.05328143
26.04134938
26.04167223
26.05281106
26.05274412
26.04855046
26.04080823
26.04312381
26.04045747
26.04156112
26.04584452
26.03960071
26.04271679
26.05338748
26.03799532
26.05424653
26.04617426
26.05094818
26.04914222
26.04127245
26.05316436
26.0498679
26.03868544
26.04216407
26.04277682
26.05126387
26.05133926
26.04482008
26.04554349
26.04580366
26.05036333
26.05267158
26.04059235
26.04785003
26.04876245
26.04186457
26.05070165
26.05615662
26.0572615
26.04790248
26.05720859
26.05933922
26.04949749
26.05394466
26.05358954
26.05688417
26.0404288
26.04891459
26.04938221
26.04800433
26.0383283
26.05346232
26.05254079
26.04122003
26.05835424
26.04808344
26.05080331
26.05603506
26.04357652
26.04352009
26.04919987
26.04798889
26.04353693
26.05373281
26.05645583
26.04987616
26.04417378
26.0521003
26.0518901
26.05186902
26.04973494
26.04021195
26.04370568
26.05288904
26.04141668
26.05340514
26.05221652
26.05074424
26.04418201
26.05392709
26.04824731
26.0542
26.05397276
26.04088951
26.03888026
26.04156341
26.05082225
26.04754216
26.05370184
26.0505692
26.05659154
26.05197314
26.05976424
26.04302379
26.04491611
26.05965704
26.03913882
26.05808475
26.04727596
26.05418194
26.0377153
26.05478116
26.05139604
26.0484677
26.04467484
26.04967231
26.03607604
26.04544834
26.04683535
26.04655459
26.03906039
26.03839885
26.04403235
26.05463923
26.04088334
26.05894592
26.03954625
26.05608906
26.04748525
26.05781931
26.05251085
26.0451202
26.05134227
26.04257501
26.04083117
26.05208506
26.05719518
26.05379954
26.04763667
26.04152438
26.0478992
26.05007287
26.04835547
26.0468307
26.03930087
26.05064883
26.04455688
26.03578503
26.04163057
26.05885241
26.04980163
26.04202549
26.04974963
26.04825643
26.04434818
26.05487513
26.04541732
26.0519078
26.04145414
26.05324039
26.04880558
26.04805884
26.05002999
26.05572714
26.05164721
26.04617208
26.04613399
26.05237717
26.04583377
26.04285719
26.04854917
26.04076503
26.0449099
26.0511389
26.05294475
26.05382687
26.05516132
26.04506032
26.05066299
26.05659265
26.04668798
26.04490548
26.04614291
26.05918817
26.04278802
26.05126529
26.05022042
26.04386858
26.05341769
26.04673207
26.04480662
26.05584891
26.05311411
26.0464879
26.04042212
26.05365552
26.04573781
26.05633452
26.04541691
26.03949937
26.03587383
26.04682404
26.03876963
26.05069557
26.03675958
26.04914256
26.04716247
26.05490189
26.04258895
26.05587439
26.05349541
26.03609581
26.04374481
26.05211523
26.03949426
26.0535744
26.05105154
26.0518418
26.05259483
26.04032689
26.04828441
26.0555555
26.03991917
26.04184902
26.05138171
26.03659572
26.05293672
26.04477489
26.04296182
26.05342188
26.04092972
26.04370869
26.04683501
26.04784326
26.0574882
26.04665339
26.03871344
26.05459177
26.04428419
26.05755627
26.03574661
26.04898939
26.04917537
26.05428791
26.05768171
26.04220308
26.04361615
26.04971643
26.04141487
26.04453495
26.04039112
26.05450901
26.041064
26.05607043
26.0473822
26.05205703
26.04918521
26.03885584
26.06022618
26.06006198
26.05908255
26.05388357
26.04050631
26.05971593
26.04370385
26.04888455
26.0405575
26.04754182
26.04918075
26.04554045
26.04062065
26.0483216
26.04253729
26.05869635
26.04597287
26.04157043
26.0450954
26.03870528
26.03848941
26.04240541
26.05222722
26.03723943
26.05280925
26.04305532
26.05796212
26.04569683
26.04782286
26.05382215
26.03882397
26.05157406
26.04874026
26.05505842
26.04146065
26.04264396
26.05243929
26.05342
26.0507855
26.0504636
26.04594838
26.04268618
26.03609643
26.03925619
26.03881061
26.04944835
26.04465246
26.0391189
26.04433008
26.03832642
26.04947208
26.04135781
26.04823112
26.04359912
26.05631148
26.03874792
26.05728425
26.04181373
26.05456113
26.04796556
26.03835042
26.04507705
26.03710297
26.05578872
26.04810427
26.03915129
26.05649116
26.04286896
26.05900853
26.05397913
26.04660116
26.05764547
26.04338899
26.0462033
26.04833756
26.04870776
26.04507793
26.04124582
26.04984824
26.05467375
26.04997074
26.057534
26.03762218
26.03869606
26.03832659
26.04066631
26.05531191
26.03641642
26.04311963
26.04959108
26.05150678
26.04029769
26.05888412
26.03590972
26.03801145
26.04103795
26.04187038
26.03625269
26.048339
26.05824032
26.0439899
26.03700076
26.04502167
26.04772194
26.04223362
26.05960097
26.03819215
26.04477495
26.05629268
26.05138923
26.03822988
26.05687193
26.03886286
26.05538698
26.05459393
26.03768396
26.05242844
26.04915771
26.04602658
26.05767366
26.05230198
26.05492264
26.04022927
26.05638956
26.05519822
26.03968659
26.05117996
26.03659113
26.04058564
26.05504073
26.0527662
26.03923525
26.05804724
26.04809633
26.04141691
26.04472991
26.05147559
26.05069257
26.04440437
26.04073414
26.0592852
26.04602749
26.04854181
26.04832404
26.04751263
26.0546891
26.04112546
26.05491685
26.05076471
26.03909916
26.04592217
26.04864105
26.03869827
26.04712593
26.04532794
26.04089396
26.04183851
26.05032561
26.05379088
26.03837594
26.04062237
26.04906235
26.04743978
26.04586161
26.03926495
26.04708132
26.04505426
26.0438925
26.05019475
26.045299
26.04493527
26.0536106
26.04570215
26.04311072
26.03801819
26.05555663
26.03609021
26.03872346
26.04891586
26.04681499
26.04271543
26.05882113
26.05825509
26.05075976
26.05736562
26.0531508
26.03900884
26.05328774
26.05372799
26.05322673
26.0542176
26.04864326
26.05083545
26.05000136
26.04798245
26.05704488
26.05680572
26.05320355
26.04460168
26.05753463
26.05652051
26.05451794
26.04025536
26.04641149
26.04461821
26.0515508
26.05347249
26.0478826
26.0581602
26.04341474
26.05203117
26.04509992
26.04406104
26.04750962
26.05985095
26.04629345
26.04470152
26.05385666
26.04799534
26.04200433
26.05568127
26.05664832
26.05356388
26.055477
26.04272794
26.04978712
26.05132925
26.0506654
26.04878941
26.04503853
26.05611769
26.04457356
26.05573847
26.0460487
26.05352774
26.04190199
26.04763882
26.04336347
26.05244009
26.05277852
26.05533998
26.04768391
26.03960839
26.05669702
26.04669287
26.05281411
26.04343937
26.05345103
26.04341712
26.05451612
26.03828818
26.05428213
26.05320211
26.06026128
26.05579361
26.0500779
26.05243439
26.04560403
26.04774927
26.05996782
26.05653612
26.04738481
26.04033269
26.05141851
26.05046234
26.04426616
26.04964863
26.04774193
26.03763792
26.05200769
26.05663889
26.04863916
26.04788294
26.05304602
26.03999824
26.03776072
26.05161405
26.04804247
26.05545212
26.05254774
26.05771971
26.04157496
26.05977622
26.05787471
26.05176454
26.04224984
26.04501979
26.05542874
26.05402048
26.04659088
26.04862024
26.05557604
26.03825525
26.04849282
26.04343208
26.05340774
26.05745036
26.03997145
26.04285155
26.05071984
26.05323886
26.045672
26.05978575
26.04734728
26.04317841
26.04526578
26.04781634
26.05196836
26.04297321
26.05457408
26.05196353
26.0525938
26.04688004
26.04275659
26.05297788
26.04946624
26.04515582
26.05360574
26.04790561
26.05743624
26.04735752
26.04278086
26.05231436
26.05878551
26.03855583
26.0523378
26.05485613
26.04726724
26.05683935
26.05806706
26.05578514
26.0477015
26.05774973
26.05637241
26.05697709
26.0398703
26.03870094
26.03581392
26.05234129
26.04627784
26.04631069
26.04216618
26.05165605
26.04287911
26.04539009
26.04990718
26.04156799
26.0556708
26.03940171
26.0402879
26.04309192
26.03805821
26.04947607
26.05803014
26.04396942
26.04391517
26.04871008
26.04994652
26.04846158
26.05558543
26.03788002
26.04791241
26.05600486
26.04733702
26.04288107
26.03893405
26.05567326
26.04202421
26.05444582
26.04963834
26.05414154
26.03632765
26.0534025
26.03752547
26.05680859
26.05270076
26.0593171
26.03902952
26.0373908
26.0518266
26.04934721
26.04551199
26.05013894
26.05560961
26.05087672
26.03963902
26.03675873
26.04339959
26.05475078
26.04022063
26.03959011
26.05309273
26.05613122
26.04716564
26.05566245

